1.562957325996604823e+03
1.480916030534351194e+03
3.311920057102069563e+02
1.704927411857255208e+02
2.207291214265641202e+02
4.697026721866765797e+02
1.087636490926952888e+02
7.828016643550622575e+02
1.567801074702349524e+02
2.330751094644661237e+02
1.398241206030151261e+03
1.175687934684003721e+03
5.062355658198613355e+02
5.557434629894628415e+02
5.822695035460993722e+02
7.444413944551196209e+02
7.434944237918216459e+01
1.836515769148251422e+02
1.470466749277158272e+02
8.345769393214135334e+02
1.750697275262819801e+02
2.317278544964634648e+02
5.491467251406236016e+01
9.882284551664000674e+02
5.192761605035406092e+01
2.907058001397623457e+02
5.764688294214381585e+02
1.288723667905824186e+02
1.039863624442695880e+02
2.180496668685645432e+02
4.147124166872376918e+02
1.480916030534350966e+03
1.162931556632344154e+02
3.517539644401729788e+02
9.746528948416948879e+01
6.345712975699220806e+02
1.251511846931693981e+02
5.446340984893073482e+02
2.529168234851335910e+02
7.750977214224425893e+01
1.486988847583643292e+02
1.235614778921865735e+02
1.324035332403533857e+03
1.486988847583643292e+02
4.697026721866766934e+02
2.677343039126478175e+02
2.763385146804836268e+02
9.877408056042035014e+02
3.725442638855203654e+02
8.814098919840819235e+02
5.255324608673338389e+02
1.178798220225495470e+03
6.603081438004403481e+01
5.659574468085105536e+02
7.893798296017438361e+02
1.279929647839469595e+02
6.608969315499605557e+01
3.108442246555986799e+02
1.668949531134759354e+02
1.175687934684003721e+03
4.942675159235668616e+02
8.597618796754818504e+01
5.879070517017355542e+02
1.316596931659692927e+03
6.523680948256829879e+02
1.311600419407111247e+02
2.478949141124957976e+02
9.377323152283531726e+02
8.646958499147242492e+02
1.145626027515791350e+02
6.227290810237369669e+02
6.603081438004403481e+01
1.574685179205682971e+03
1.038552321007080934e+02
7.226758793969852377e+02
5.230690274570181373e+02
9.826217549881999958e+01
4.118600438554676657e+01
1.322547652254765126e+03
7.779578606158834475e+01
1.108562918838421183e+03
7.037740972033667504e+02
1.752031084422466449e+02
7.321956335208314215e+01
7.444413944551196209e+02
7.786259541984730959e+02
8.237200877109353314e+01
4.243406512450273027e+01
1.936750272628135860e+02
8.812858545661275684e+02
6.611925183928941578e+02
1.472646310432570090e+03
6.245855987269594607e+02
3.935389133627019191e+02
1.245504101074940081e+03
3.725442638855203086e+02
9.247003285972138542e+01
2.478949141124958260e+02
1.635233378990622839e+02
4.667955822615602415e+02
3.935389133627019760e+02
3.499796695375744093e+02
3.517539644401729788e+02
2.976453753089631959e+02
1.570552147239263832e+03
9.525852821282987293e+01
1.045320776927604356e+03
9.441384736428008750e+01
1.590251961999174171e+02
7.562340966921117342e+02
2.620564149226569270e+02
9.321999711857079092e+02
9.796859242184121968e+02
2.918238993710691602e+02
7.043286867204696478e+01
3.500453841635965659e+02
1.114476075105996387e+02
7.341023929831253270e+01
7.043286867204696478e+01
8.328875123187385725e+02
1.162931556632344012e+02
8.694823148059872153e+01
1.271808689794543454e+02
4.952866242038218729e+02
1.263940520446096798e+02
1.016109045848822916e+02
9.870538588083830689e+01
1.021240077236644623e+02
2.677343039126478175e+02
6.603081438004402060e+01
5.234795996920707921e+02
2.781807714450201274e+02
9.335830571963695093e+02
1.259842519685039406e+02
1.402010050251256644e+03
2.072846237731733652e+02
8.285634231277268782e+02
8.083118863788010344e+01
2.781807714450201274e+02
8.694823148059873574e+01
6.294256490952005834e+01
2.180916976456010161e+02
4.156998272031596571e+02
6.613877331901758225e+02
9.913453973249409046e+01
2.335241944538004191e+02
7.419709031018390988e+02
1.925118138858596808e+02
1.668949531134759354e+02
2.173274596182084224e+02
3.517539644401730925e+02
6.603081438004403481e+01
9.913453973249409046e+01
1.936750272628134724e+02
6.657368665736867115e+02
6.502930255446694900e+02
4.576222709505199759e+01
1.288723667905824186e+02
1.348283163717433411e+02
1.045320776927604356e+03
1.567801074702349524e+02
6.245855987269592333e+02
4.628503957668256135e+02
5.884287636417999465e+02
8.345769393214135334e+02
9.913258983890955278e+01
2.041439476553979944e+02
9.835779683185589874e+02
1.652091455062690954e+02
4.666917576213774623e+02
3.182601776952659520e+02
9.900758902510216330e+02
7.043286867204696478e+01
2.620564149226570976e+02
2.620564149226569270e+02
4.402054292002935654e+01
2.620564149226569270e+02
7.005158837903882159e+02
1.168430601753855399e+03
6.972576703774093403e+02
6.997013304371434970e+02
3.725442638855203086e+02
2.962962962962963616e+02
9.205350118017307182e+01
7.855755894590844264e+02
5.664830841856805677e+01
1.952890792291220521e+02
7.707322458114015262e+01
7.007501842938295340e+02
1.567801074702349524e+02
8.514695232898492350e+01
1.109582897294064878e+03
2.136563876651980820e+02
7.321956335208312794e+01
2.317278544964634932e+02
1.488956902969642044e+02
8.550185873605948927e+01
8.332253977192737011e+02
9.680326110276764950e+01
6.788063685766041999e+01
4.282185012352456397e+02
2.941665834747595909e+02
3.114721927862161124e+02
1.519635143067868341e+02
6.917513887433183584e+01
6.557542945328512474e+01
2.763385146804835699e+02
3.302783725910064163e+02
1.114476075105996387e+02
2.462782081508925671e+02
3.921683798335782285e+02
1.250068775790921791e+03
3.311920057102070132e+02
1.313506815365551574e+02
2.605477424130273789e+02
9.909250119407737429e+02
1.647274861899242921e+02
1.410126866509486945e+02
6.235626195843675532e+02
1.253006134969325103e+03
5.895618100416236302e+02
1.317836665117000166e+03
1.992227773812355736e+02
9.441384736428010171e+01
9.045023218251567698e+01
7.866851595006934303e+02
2.073843277769122722e+02
1.162931556632344154e+02
5.908079088647375556e+02
2.360871188550093507e+02
5.528049648375026663e+02
4.387471478946276875e+02
9.282700421940927527e+01
4.412125522268646591e+02
9.694278970439472687e+01
8.800454803865834492e+02
1.936750272628135576e+02
8.694823148059873574e+01
1.175687934684003721e+03
1.114476075105996244e+02
6.299212598425197029e+01
9.298623063683303371e+02
2.067611777535441320e+02
7.321956335208314215e+01
2.781626892481395430e+02
1.101260943780628736e+02
8.237200877109353314e+01
7.779578606158834475e+01
2.178678180006642151e+02
3.690533397405093865e+02
3.696337618239146536e+02
5.908079088647374419e+02
2.872381943541042801e+02
4.186620587509257234e+02
1.395390872119295409e+03
3.124589998486148943e+02
2.093784078516903833e+02
5.892366112347780245e+02
2.944327975774517085e+02
2.962962962962961910e+02
8.582499192767195382e+02
4.147124166872377486e+02
1.066020593579648903e+02
4.412125522268646023e+02
3.108442246555987367e+02
5.550496509258056221e+02
6.570930076499798815e+02
4.147124166872377486e+02
5.845227183448996584e+02
1.162931556632344154e+02
1.849560180218837786e+02
7.872399445214979323e+02
1.396984924623115376e+03
1.237478451288263557e+02
6.602484983131737408e+02
3.829810595662914920e+02
4.420659614187928810e+02
1.305245766212309206e+02
1.568485631256054603e+03
4.952866242038215887e+02
