1.560849967804249900e+03,3.125914651993209645e+03,4.690276883451384492e+03,6.251126851255634392e+03,7.819703799098519994e+03,9.380553766902768984e+03
1.480916030534351194e+03,2.961832061068701933e+03,4.442748091603053581e+03,5.931297709923663206e+03,7.412213740458014399e+03,8.893129770992365593e+03
3.311920057102070132e+02,6.623840114204140264e+02,9.935760171306209259e+02,1.324768022840827825e+03,1.650249821556031293e+03,1.981441827266238306e+03
1.704927411857255208e+02,3.501394550525639033e+02,5.200600729457198668e+02,6.951298004720017616e+02,8.701995279982837701e+02,1.045269255524565779e+03
2.231816672201926224e+02,4.410494852208568659e+02,6.642311524410495167e+02,8.820989704417137318e+02,1.105280637661906212e+03,1.323148455662570541e+03
4.697026721866767502e+02,9.333835152427550383e+02,1.403086187429431675e+03,1.866767030485510077e+03,2.336469702672186941e+03,2.806172374858863350e+03
1.087636490926952888e+02,2.175272981853905776e+02,3.262909472780858664e+02,4.479725380819567135e+02,5.509547307444755688e+02,6.436387041407424476e+02
7.855755894590845401e+02,1.564493758668515966e+03,2.348404993065186773e+03,3.135644937586685046e+03,3.914563106796116244e+03,4.700138696255200557e+03
1.567801074702349524e+02,3.135602149404699048e+02,4.652828995890844226e+02,6.220630070593193750e+02,7.788431145295543274e+02,9.356232219997892798e+02
2.330751094644661237e+02,4.688447288649377356e+02,7.005725833614012572e+02,9.323004378578647220e+02,1.164028292354328187e+03,1.401145166722802514e+03
1.398241206030151261e+03,2.796482412060302067e+03,4.266331658291457643e+03,5.427135678391960937e+03,7.002512562814071316e+03,8.396984924623116967e+03
1.175687934684003494e+03,2.358633202298155084e+03,3.534321136982158805e+03,4.717266404596310167e+03,5.892954339280314343e+03,7.068642273964317610e+03
5.062355658198613355e+02,1.046959199384141584e+03,1.518706697459584120e+03,2.093918398768283168e+03,2.623556581986143101e+03,3.147036181678213779e+03
5.557434629894628415e+02,1.111486925978925456e+03,1.667230388968388297e+03,2.222973851957851366e+03,2.778717314947313753e+03,3.334460777936776594e+03
5.822695035460993722e+02,1.164539007092198744e+03,1.723404255319149115e+03,2.446808510638298230e+03,2.911347517730496747e+03,3.493617021276596461e+03
7.444413944551195073e+02,1.482294811968158228e+03,2.226736206423277963e+03,2.971177600878397243e+03,3.715618995333516978e+03,4.453472412846555926e+03
7.434944237918216459e+01,1.486988847583643292e+02,2.230483271375464938e+02,2.973977695167286583e+02,3.717472118959108229e+02,4.460966542750929875e+02
1.836515769148251422e+02,3.673031538296502845e+02,5.561038403776015002e+02,7.414717871701352578e+02,9.268397339626691291e+02,1.107058571122076955e+03
1.486988847583643292e+02,2.924411400247831807e+02,4.411400247831475099e+02,5.898389095415118391e+02,7.385377942998761682e+02,8.822800495662950198e+02
8.345769393214135334e+02,1.662396170632127223e+03,2.500351963958890792e+03,3.331550049274954290e+03,4.172884696607067781e+03,5.007461635928480973e+03
1.750697275262819801e+02,3.501394550525639033e+02,5.252091825788457982e+02,7.002789101051278067e+02,8.753486376314097015e+02,1.050418365157691596e+03
2.317278544964634648e+02,4.688447288649377356e+02,7.005725833614012572e+02,9.323004378578647220e+02,1.169417312226338936e+03,1.401145166722802514e+03
5.491467251406236016e+01,1.098293450281247203e+02,1.647440175421870663e+02,2.196586900562494407e+02,2.745733625703118150e+02,3.294880350843741326e+02
9.905536985903211189e+02,1.976456910332800135e+03,2.971661095770963584e+03,3.962214794361284476e+03,4.945792762679842781e+03,5.936346461270164582e+03
5.192761605035406092e+01,9.913453973249410467e+01,1.557828481510621828e+02,2.077104642014162437e+02,2.596380802517703046e+02,3.115656963021243655e+02
2.962962962962963047e+02,5.870020964360586504e+02,8.832983927323549551e+02,1.179594689028651374e+03,1.470300489168413606e+03,1.766596785464709910e+03
5.764688294214381585e+02,1.152937658842876317e+03,1.729406488264314476e+03,2.305875317685752634e+03,2.863208252354612341e+03,3.616684108237404871e+03
1.288723667905824186e+02,2.627013630731103149e+02,3.915737298636927335e+02,5.254027261462206297e+02,6.542750929368030484e+02,7.881040892193309446e+02
1.038552321007081076e+02,2.077104642014162152e+02,3.115656963021243087e+02,4.154209284028324305e+02,5.192761605035404955e+02,6.231313926042486173e+02
2.228952150211992773e+02,4.409448818897637921e+02,6.638400969109630978e+02,8.818897637795275841e+02,1.104784978800726776e+03,1.322834645669291376e+03
4.147124166872377486e+02,8.353492964700074026e+02,1.250061713157245094e+03,1.664774129844482786e+03,2.085411009627252497e+03,2.500123426314490189e+03
1.480916030534350966e+03,2.961832061068701933e+03,4.442748091603052671e+03,5.923664122137403865e+03,7.412213740458014399e+03,8.893129770992365593e+03
1.162931556632344154e+02,2.325863113264688309e+02,3.488794669897032463e+02,4.651726226529376618e+02,5.814657783161720772e+02,6.977589339794064927e+02
3.517539644401730357e+02,6.977414704469005073e+02,1.049495434887073543e+03,1.401249399327246465e+03,1.753003363767419614e+03,2.098990869774147086e+03
9.746528948416948879e+01,1.949305789683389776e+02,2.923958684525084664e+02,3.898611579366779551e+02,4.685689766144604960e+02,5.847917369050169327e+02
6.345712975699220806e+02,1.269142595139844161e+03,1.903713892709766242e+03,2.435580009170105313e+03,3.125171939477304022e+03,3.748739110499770504e+03
1.251511846931693981e+02,2.503023693863387962e+02,3.754535540795081943e+02,5.006047387726775924e+02,6.257559234658469904e+02,7.223555070883314784e+02
5.446340984893073482e+02,1.089268196978614696e+03,1.633902295467922158e+03,2.178536393957229393e+03,2.846380223660976753e+03,3.397292525014714556e+03
2.529168234851335910e+02,5.058336469702671820e+02,7.587504704554007731e+02,1.023710952201731288e+03,1.264584117425667955e+03,1.517500940910801546e+03
7.779578606158834475e+01,1.550195442844885179e+02,2.325293164267327768e+02,3.111831442463533790e+02,3.889789303079417095e+02,4.667747163695300401e+02
1.486988847583643292e+02,2.924411400247831807e+02,4.411400247831475099e+02,5.898389095415118391e+02,7.335811648079306906e+02,8.822800495662950198e+02
1.259842519685039406e+02,2.471229557843731186e+02,3.731072077528770592e+02,4.942459115687462372e+02,6.202301635372501778e+02,7.413688673531192990e+02
1.324035332403533403e+03,2.648070664807067715e+03,3.964667596466760187e+03,5.281264528126453115e+03,6.605299860529987200e+03,7.929335192933520375e+03
1.486988847583643292e+02,2.924411400247831807e+02,4.411400247831475099e+02,5.898389095415118391e+02,7.335811648079306906e+02,8.822800495662950198e+02
4.697026721866767502e+02,9.333835152427550383e+02,1.403086187429431675e+03,1.872788859616108539e+03,2.336469702672186941e+03,2.806172374858863350e+03
2.677343039126478175e+02,5.503184713375795809e+02,8.010191082802547271e+02,1.070937215650591270e+03,1.338671519563239144e+03,1.606405823475886791e+03
2.763385146804835699e+02,5.526770293609672535e+02,8.345423143350603823e+02,1.110880829015543895e+03,1.392746113989637252e+03,1.669084628670120765e+03
9.877408056042031603e+02,1.975481611208407003e+03,2.970227670753065013e+03,3.964973730297723250e+03,4.952714535901926865e+03,5.940455341506130026e+03
3.725442638855203086e+02,7.392675236478293073e+02,1.111811787533349616e+03,1.484356051418870038e+03,1.856900315304390233e+03,2.223623575066699232e+03
8.800454803865834492e+02,1.760090960773166898e+03,2.646958499147242946e+03,3.527003979533826623e+03,4.407049459920410300e+03,5.287094940306993522e+03
5.234795996920707921e+02,1.053117782909930611e+03,1.576597382602001517e+03,2.100076982294072423e+03,2.627662304336668967e+03,3.153194765204003033e+03
1.175687934684003494e+03,2.351375869368006988e+03,3.534321136982158805e+03,4.710009071666162527e+03,5.885697006350165793e+03,7.068642273964317610e+03
6.603081438004403481e+01,1.320616287600880696e+02,2.068965517241379644e+02,2.773294203961849007e+02,3.433602347762289355e+02,3.961848862802642088e+02
5.659574468085105536e+02,1.131914893617021107e+03,1.730496453900709412e+03,2.263829787234042215e+03,2.829787234042552882e+03,3.395744680851063094e+03
7.855755894590845401e+02,1.571151178918169080e+03,2.363384188626906962e+03,3.157519318406975344e+03,3.867961165048543535e+03,4.720110957004160809e+03
1.239157372986369410e+02,2.559859295678939191e+02,3.839788943518408928e+02,5.119718591357878381e+02,6.344485749690211378e+02,7.679577887036817856e+02
6.608969315499605557e+01,1.321793863099921111e+02,1.982690794649881809e+02,2.643587726199842223e+02,3.304484657749802636e+02,3.776553894571203500e+02
3.108442246555987367e+02,6.216884493111974734e+02,9.381843871423526480e+02,1.249028611797951271e+03,1.559872836453550008e+03,1.870717061109148972e+03
1.668949531134759354e+02,3.287324834053313793e+02,4.956274365188073148e+02,6.625223896322831934e+02,8.243599199241386941e+02,9.912548730376146295e+02
1.175687934684003494e+03,2.358633202298155084e+03,3.534321136982158805e+03,4.710009071666162527e+03,5.885697006350165793e+03,7.068642273964317610e+03
4.942675159235668616e+02,9.905732484076432911e+02,1.485859872611464880e+03,1.981146496815286582e+03,2.470318471337579467e+03,2.965605095541401170e+03
8.597618796754818504e+01,1.719523759350963701e+02,2.579285639026445551e+02,3.439047518701927402e+02,4.298809398377409252e+02,5.158571278052891103e+02
5.845227183448997721e+02,1.175330627209637214e+03,1.759853345554537100e+03,2.350661254419274428e+03,2.935183972764174541e+03,3.525991881628911869e+03
1.324035332403533403e+03,2.640632264063226557e+03,3.964667596466760187e+03,5.281264528126453115e+03,6.605299860529987200e+03,7.921896792189680127e+03
6.523680948256829879e+02,1.304736189651365976e+03,1.957104284477049077e+03,2.609472379302731952e+03,3.261840474128414826e+03,3.914208568954098155e+03
1.288723667905824186e+02,2.627013630731103149e+02,3.915737298636927335e+02,5.254027261462206297e+02,6.542750929368030484e+02,7.881040892193309446e+02
2.478949141124957976e+02,4.957898282249915951e+02,7.436847423374874779e+02,9.915796564499831902e+02,1.239474570562479130e+03,1.487369484674974956e+03
9.335830571963693956e+02,1.874081544446045200e+03,2.807664601642414709e+03,3.741247658838783991e+03,4.571099265235557141e+03,5.615329203284829418e+03
8.646958499147242492e+02,1.766913018760659725e+03,2.594087549744172975e+03,3.533826037521319449e+03,4.413871517907902671e+03,5.232518476407050002e+03
1.162931556632344154e+02,2.325863113264688309e+02,3.488794669897032463e+02,4.582504110063165399e+02,5.814657783161720772e+02,6.977589339794064927e+02
6.227290810237369669e+02,1.247579896565442368e+03,1.871369844848163666e+03,2.495159793130884736e+03,3.118949741413605807e+03,3.742739689696327332e+03
6.603081438004403481e+01,1.320616287600880696e+02,1.980924431401320760e+02,2.641232575201761392e+02,3.301540719002201740e+02,3.917828319882612504e+02
1.574685179205682971e+03,3.146270584436551417e+03,4.874394575395544052e+03,6.222796254439780569e+03,7.819179851469163623e+03,9.446561188246689198e+03
1.038552321007081076e+02,2.077104642014162152e+02,3.115656963021242518e+02,4.154209284028324305e+02,5.192761605035404955e+02,6.231313926042486173e+02
7.226758793969852377e+02,1.402010050251256416e+03,2.118090452261306837e+03,2.849246231155779242e+03,3.678391959798995686e+03,4.492462311557789690e+03
5.234795996920707921e+02,1.046138054914036275e+03,1.570438799076212490e+03,2.093918398768283168e+03,2.617397998460354302e+03,3.134719014626635726e+03
9.826217549881999958e+01,1.965243509976399992e+02,2.947865264964599987e+02,3.930487019952799983e+02,4.913108774940999979e+02,6.178931559751126770e+02
4.118600438554676657e+01,8.237200877109353314e+01,1.235580131566402997e+02,1.647440175421870663e+02,2.059300219277338329e+02,2.471160263132805994e+02
1.324035332403533403e+03,2.648070664807066805e+03,3.967642956764295377e+03,5.288702928870293363e+03,6.397024639702464810e+03,7.936773593677360623e+03
7.779578606158834475e+01,1.555915721231766895e+02,2.333873581847650200e+02,3.111831442463533790e+02,3.889789303079417095e+02,4.667747163695300401e+02
1.108562918838421183e+03,2.217125837676842366e+03,3.323901712583767676e+03,4.434251675353684732e+03,5.539836187639612945e+03,6.647803425167535352e+03
6.972576703774096814e+02,1.401031767580776432e+03,2.098289437958186227e+03,2.795547108335596022e+03,3.499321205538962658e+03,4.203095302742329295e+03
1.752031084422466449e+02,3.504062168844932899e+02,5.256093253267399632e+02,7.008124337689865797e+02,8.760155422112331962e+02,1.051218650653479926e+03
7.321956335208314215e+01,1.464391267041662843e+02,2.196586900562494407e+02,2.928782534083325686e+02,3.660978167604156965e+02,4.393173801124988813e+02
7.444413944551195073e+02,1.482294811968158228e+03,2.226736206423277963e+03,2.971177600878397243e+03,3.709031018391436191e+03,4.453472412846555926e+03
7.786259541984730959e+02,1.557251908396946192e+03,2.335877862595419174e+03,3.114503816793892383e+03,3.893129770992365593e+03,4.671755725190838348e+03
8.237200877109353314e+01,1.647440175421870663e+02,2.471160263132805994e+02,3.294880350843741326e+02,4.118600438554676657e+02,4.942320526265611988e+02
4.243406512450273027e+01,8.237200877109353314e+01,1.235580131566402997e+02,1.647440175421870663e+02,2.105062446372390355e+02,2.546043907470163958e+02
1.989094874591057760e+02,3.925845147219193336e+02,5.914940021810250528e+02,7.851690294438386672e+02,9.683751363140679587e+02,1.162050163576881459e+03
8.812858545661275684e+02,1.760090960773166898e+03,2.646958499147242946e+03,3.525143418264510274e+03,4.407049459920410300e+03,5.287094940306993522e+03
6.635350959602737930e+02,1.322385036785788316e+03,1.984163199570527468e+03,2.647698295530801261e+03,3.304791303180781142e+03,3.968326399141054935e+03
1.472646310432570090e+03,2.945292620865140179e+03,4.417938931297710042e+03,5.885496183206106252e+03,7.358778625954198105e+03,8.832061068702289049e+03
6.245855987269594607e+02,1.247579896565442368e+03,1.871369844848163666e+03,2.495159793130884736e+03,3.122927993634797531e+03,3.679087654157273846e+03
3.935389133627019191e+02,7.870778267254038383e+02,1.180616740088105871e+03,1.574155653450807677e+03,1.967694566813509709e+03,2.461086637298091318e+03
1.247134342044933419e+03,2.491008202149880162e+03,3.734066941769830009e+03,4.981201283814763883e+03,6.228335625859696847e+03,7.473024606449640487e+03
3.725442638855203086e+02,7.392675236478293073e+02,1.111811787533349616e+03,1.484356051418870038e+03,1.856900315304390233e+03,2.223623575066699232e+03
9.441384736428008750e+01,1.841070023603461721e+02,2.785208497246262596e+02,3.729346970889063755e+02,4.626278520849724600e+02,5.570416994492525191e+02
2.478949141124957976e+02,4.957898282249916520e+02,7.436847423374874779e+02,9.915796564499831902e+02,1.234085550690468381e+03,1.481980464802963979e+03
1.668949531134759354e+02,3.270466757981245678e+02,4.956274365188073148e+02,6.625223896322831934e+02,8.243599199241386941e+02,9.811400273943736465e+02
4.697026721866767502e+02,9.335911645231204830e+02,1.403086187429431675e+03,1.867182329046240966e+03,2.336469702672186941e+03,2.800773493569361563e+03
3.935389133627019191e+02,7.870778267254038383e+02,1.174743024963289372e+03,1.568281938325991177e+03,1.961820851688693210e+03,2.431718061674008823e+03
3.517539644401730357e+02,6.977414704469005073e+02,1.049495434887073543e+03,1.401249399327246465e+03,1.753003363767419614e+03,2.098990869774147086e+03
3.517539644401730357e+02,6.977414704469005073e+02,1.049495434887073543e+03,1.401249399327246465e+03,1.753003363767419614e+03,2.098990869774147086e+03
2.976453753089631959e+02,5.952907506179263919e+02,8.929361259268896447e+02,1.190581501235852784e+03,1.488226876544815923e+03,1.873292571874593477e+03
1.573135292218275708e+03,3.138521149499515559e+03,4.665159832095576348e+03,6.207297384565708853e+03,7.857927026154342457e+03,9.431062318372618392e+03
9.525852821282987293e+01,1.905170564256597459e+02,2.857755846384895904e+02,3.810341128513194917e+02,4.762926410641493931e+02,5.715511692769791807e+02
1.045320776927604356e+03,2.090641553855208713e+03,3.135962330782813297e+03,4.181283107710417426e+03,5.233666862860505717e+03,6.278987639788110755e+03
9.441384736428008750e+01,1.841070023603461721e+02,2.785208497246262596e+02,3.776553894571203500e+02,4.720692368214004091e+02,5.664830841856805819e+02
1.590251961999174171e+02,3.180503923998348341e+02,4.770755885997522228e+02,6.361007847996696682e+02,7.951259809995871137e+02,9.541511771995044455e+02
7.562340966921117342e+02,1.512468193384223468e+03,2.268702290076334975e+03,2.961832061068701933e+03,3.702290076335877529e+03,4.442748091603052671e+03
2.620564149226569839e+02,5.241128298453139678e+02,7.861692447679708948e+02,1.048225659690627936e+03,1.310282074613284749e+03,1.577797998180163859e+03
9.335830571963693956e+02,1.867166114392738791e+03,2.807664601642414709e+03,3.728799884742831637e+03,4.674830716035153273e+03,5.483936032272006742e+03
9.335830571963693956e+02,1.959371848436824394e+03,2.939057772655236477e+03,3.741247658838783991e+03,4.681746146088459682e+03,5.878115545310472953e+03
2.962962962962963047e+02,5.870020964360586504e+02,8.754716981132074807e+02,1.179594689028651374e+03,1.470300489168413606e+03,1.750943396226414961e+03
7.043286867204696478e+01,1.364636830520909996e+02,2.068965517241379644e+02,2.773294203961849007e+02,3.477622890682318939e+02,4.093910491562729703e+02
3.517539644401730357e+02,6.977414704469005073e+02,1.049495434887073543e+03,1.401249399327246465e+03,1.753003363767419614e+03,2.098990869774147086e+03
1.114476075105996387e+02,2.228952150211992773e+02,3.294972743791641392e+02,4.409448818897637921e+02,5.523924894003633881e+02,6.638400969109630978e+02
7.341023929831253270e+01,1.464391267041662843e+02,2.196586900562494407e+02,2.928782534083325686e+02,3.660978167604156965e+02,4.393173801124988813e+02
7.043286867204696478e+01,1.408657373440939296e+02,2.068965517241379644e+02,2.773294203961849007e+02,3.477622890682318939e+02,4.181951577402788303e+02
8.311980853160636116e+02,1.669153878642827067e+03,2.500351963958890792e+03,3.331550049274954290e+03,4.162748134591018243e+03,5.000703927917781584e+03
1.162931556632344154e+02,2.325863113264688309e+02,3.488794669897032463e+02,4.651726226529376618e+02,5.814657783161720772e+02,7.026044821320411984e+02
8.694823148059873574e+01,1.738964629611974715e+02,2.608446944417962072e+02,3.477929259223949430e+02,4.347411574029936787e+02,5.262656115930975602e+02
1.239474570562478988e+02,2.478949141124957976e+02,3.772313910407544881e+02,5.087234759178173817e+02,6.359043448972716988e+02,7.436847423374874779e+02
4.952866242038218729e+02,9.905732484076432911e+02,1.485859872611464880e+03,1.907770700636942593e+03,2.476433121019108057e+03,2.971719745222929760e+03
1.239157372986369410e+02,2.478314745972738820e+02,3.767038413878563006e+02,5.055762081784387192e+02,6.319702602230483990e+02,7.583643122676580788e+02
1.016109045848822916e+02,2.032218091697645832e+02,3.048327137546468748e+02,4.163568773234201217e+02,5.080545229244114580e+02,6.096654275092937496e+02
9.913453973249410467e+01,1.982690794649882093e+02,2.926829268292682968e+02,3.918174665617623873e+02,4.909520062942564778e+02,5.900865460267506251e+02
1.021240077236644623e+02,2.042480154473289247e+02,3.063720231709933728e+02,4.084960308946578493e+02,4.994636344132161412e+02,6.127440463419867456e+02
2.677343039126478175e+02,5.354686078252956349e+02,8.032029117379433956e+02,1.070937215650591270e+03,1.406369426751592300e+03,1.669299363057324626e+03
6.603081438004403481e+01,1.320616287600880696e+02,1.980924431401320760e+02,2.641232575201761392e+02,3.301540719002201740e+02,3.961848862802641520e+02
5.234795996920707921e+02,1.053117782909930611e+03,1.576597382602001517e+03,2.100076982294072423e+03,2.623556581986143101e+03,3.153194765204003033e+03
2.763385146804835699e+02,5.582037996545768692e+02,8.345423143350603823e+02,1.110880829015543895e+03,1.390903857225100637e+03,1.669084628670120765e+03
9.335830571963693956e+02,1.867166114392738791e+03,2.800749171589108300e+03,3.734332228785478037e+03,4.674830716035153273e+03,5.608413773231523010e+03
1.259842519685039406e+02,2.471229557843731186e+02,3.731072077528770592e+02,4.942459115687462372e+02,6.202301635372501778e+02,7.413688673531192990e+02
1.402010050251256416e+03,2.804020100502512832e+03,4.206030150753769703e+03,5.608040201005025665e+03,7.002512562814071316e+03,8.404522613065328187e+03
2.093784078516902980e+02,4.187568157033805960e+02,6.229007633587785904e+02,8.322791712104689168e+02,1.036423118865866854e+03,1.251035986913849456e+03
8.271224432614177431e+02,1.657126846255453756e+03,2.488091902493695670e+03,3.315214345755113300e+03,4.142336789016530929e+03,4.969459232277949013e+03
8.083118863788010344e+01,1.616623772757602069e+02,2.424935659136403103e+02,3.233247545515204138e+02,4.163568773234201217e+02,4.956629491945477639e+02
2.763385146804835699e+02,5.582037996545768692e+02,8.345423143350603823e+02,1.110880829015543895e+03,1.390903857225100637e+03,1.669084628670120765e+03
8.694823148059873574e+01,1.738964629611974715e+02,2.654209171513014098e+02,3.523691486319001456e+02,4.393173801124988813e+02,5.262656115930975602e+02
6.294256490952005834e+01,1.258851298190401167e+02,1.982690794649882093e+02,2.501966955153422418e+02,3.115656963021243087e+02,3.776553894571203500e+02
2.180916976456010161e+02,4.411400247831475099e+02,6.592317224287485260e+02,8.822800495662950198e+02,1.100371747211896036e+03,1.323420074349442530e+03
4.147124166872377486e+02,8.353492964700074026e+02,1.250061713157245094e+03,1.664774129844482786e+03,2.078499136015798285e+03,2.500123426314490189e+03
6.635350959602737930e+02,1.327070191920547586e+03,1.984163199570527468e+03,2.645550932760703290e+03,3.227486243457254204e+03,3.974768487451348847e+03
9.913453973249410467e+01,1.982690794649881809e+02,2.926829268292682968e+02,3.918174665617623873e+02,4.909520062942564778e+02,5.948072383949645427e+02
2.335241944538004191e+02,4.688447288649377356e+02,7.005725833614012572e+02,9.376894577298754712e+02,1.169417312226338936e+03,1.401145166722802514e+03
7.444413944551195073e+02,1.482294811968158228e+03,2.226736206423277963e+03,2.964589623936316457e+03,3.709031018391436191e+03,4.453472412846555926e+03
1.925118138858596808e+02,3.850236277717193616e+02,5.862595419847327776e+02,7.851690294438386672e+02,9.788440567066521680e+02,1.177753544165757830e+03
1.668949531134759354e+02,3.287324834053313793e+02,4.956274365188073148e+02,6.574649668106627587e+02,8.243599199241386941e+02,9.912548730376146295e+02
2.173274596182084224e+02,4.346549192364168448e+02,6.519823788546252672e+02,8.693098384728336896e+02,1.086637298091042112e+03,1.303964757709250534e+03
3.517539644401730925e+02,6.977414704469005073e+02,1.049495434887073543e+03,1.407015857760692370e+03,1.753003363767419614e+03,2.098990869774147086e+03
6.603081438004403481e+01,1.320616287600880696e+02,1.980924431401320760e+02,2.641232575201761392e+02,3.257520176082172156e+02,3.917828319882612504e+02
9.913453973249410467e+01,1.982690794649882093e+02,2.926829268292682968e+02,3.918174665617623873e+02,4.909520062942564778e+02,5.900865460267506251e+02
1.989094874591057760e+02,3.925845147219193336e+02,5.914940021810250528e+02,7.851690294438386672e+02,9.840785169029444432e+02,1.177753544165757830e+03
6.657368665736867115e+02,1.316596931659693382e+03,1.997210599721060134e+03,2.662947466294746846e+03,3.328684332868433557e+03,3.942352394235239899e+03
6.502930255446694900e+02,1.314186015299959763e+03,1.971279022949939645e+03,2.493088176083747385e+03,3.291907126560193319e+03,3.949000134210173201e+03
4.576222709505199759e+01,9.152445419010399519e+01,1.372866812851559928e+02,1.830489083802079904e+02,2.333873581847650200e+02,2.745733625703117582e+02
1.288723667905824186e+02,2.627013630731103149e+02,3.915737298636927335e+02,5.254027261462206297e+02,6.542750929368030484e+02,7.881040892193309446e+02
1.348283163717433411e+02,2.696566327434866821e+02,4.119287706500751369e+02,5.252091825788457982e+02,6.741415818587166768e+02,8.393048701995280680e+02
1.052383755150088291e+03,2.097704532077692875e+03,3.150088287227781166e+03,4.195409064155385749e+03,5.247792819305474040e+03,6.293113596233078169e+03
1.567801074702349524e+02,3.135602149404699048e+02,4.703403224107048572e+02,6.271204298809398097e+02,7.839005373511747621e+02,9.406806448214097145e+02
6.245855987269592333e+02,1.249171197453918467e+03,1.873756796180877700e+03,2.495159793130884736e+03,3.118949741413605807e+03,3.742739689696327332e+03
4.628503957668256135e+02,9.257007915336512269e+02,1.388551187300476840e+03,1.851401583067302454e+03,2.314251978834127840e+03,2.777102374600953681e+03
5.884287636417999465e+02,1.176857527283599893e+03,1.693526685603229225e+03,2.439826580953804751e+03,3.035431305127821815e+03,3.530572581850799907e+03
8.311980853160636116e+02,1.669153878642827067e+03,2.500351963958890792e+03,3.338307757285654134e+03,4.169505842601717632e+03,5.007461635928480973e+03
9.913258983890955278e+01,1.982651796778191056e+02,2.973977695167286583e+02,3.965303593556382111e+02,4.956629491945477639e+02,5.947955390334573167e+02
2.041439476553979944e+02,4.187568157033805960e+02,6.229007633587785904e+02,8.322791712104689168e+02,1.020719738276990029e+03,1.224863685932387853e+03
9.835779683185583053e+02,1.967155936637116611e+03,2.950733904955676735e+03,3.934311873274233221e+03,4.910914111321028940e+03,5.894492079639587246e+03
1.668949531134759354e+02,3.287324834053313793e+02,4.956274365188073148e+02,6.625223896322831934e+02,8.260457275313455057e+02,9.912548730376146295e+02
4.697026721866767502e+02,9.333835152427550383e+02,1.403086187429431675e+03,1.866767030485510077e+03,2.336469702672186941e+03,2.806172374858863350e+03
3.182601776952659520e+02,6.365203553905319040e+02,9.547805330857978561e+02,1.273040710781063808e+03,1.591300888476329874e+03,1.909561066171595712e+03
9.877408056042031603e+02,1.982486865148861625e+03,2.970227670753065013e+03,3.957968476357268173e+03,4.952714535901926865e+03,5.940455341506130026e+03
7.043286867204696478e+01,1.452677916360968595e+02,2.068965517241379644e+02,2.773294203961849007e+02,3.477622890682318939e+02,4.225972120322817887e+02
2.620564149226569839e+02,5.241128298453139678e+02,7.861692447679708948e+02,1.048225659690627936e+03,1.310282074613285431e+03,1.545040946314831672e+03
2.620564149226569839e+02,5.241128298453139678e+02,7.861692447679708948e+02,1.048225659690627936e+03,1.310282074613284749e+03,1.572338489535941790e+03
4.402054292002935654e+01,8.804108584005871307e+01,1.276595744680851254e+02,1.760821716801174261e+02,2.201027146001467827e+02,2.641232575201761392e+02
2.620564149226569839e+02,5.241128298453139678e+02,7.861692447679708948e+02,1.048225659690627936e+03,1.310282074613284749e+03,1.572338489535941790e+03
7.037740972033668641e+02,1.401031767580776432e+03,2.104805864784143523e+03,2.802063535161552863e+03,3.502579418951941079e+03,4.203095302742329295e+03
1.168430601753855399e+03,2.344118536437858893e+03,3.512549138191714064e+03,4.688237072875717786e+03,5.856667674629573412e+03,7.025098276383428129e+03
7.037740972033668641e+02,1.401031767580776432e+03,2.104805864784143523e+03,2.802063535161552863e+03,3.505837632364919955e+03,4.203095302742329295e+03
6.972576703774096814e+02,1.401031767580776432e+03,2.099103991311430491e+03,2.795547108335596022e+03,3.492804778713005817e+03,4.196578875916372454e+03
3.725442638855203086e+02,7.392675236478293073e+02,1.111811787533349616e+03,1.484356051418870038e+03,1.851079311181179037e+03,2.223623575066699232e+03
2.962962962962963047e+02,5.870020964360586504e+02,8.832983927323549551e+02,1.174004192872117301e+03,1.470300489168413606e+03,1.766596785464709910e+03
9.441384736428008750e+01,1.841070023603461436e+02,2.785208497246262596e+02,3.682140047206923441e+02,4.626278520849724600e+02,5.570416994492525191e+02
7.855755894590844264e+02,1.571151178918169080e+03,2.356726768377253393e+03,3.142302357836337706e+03,3.927877947295422928e+03,4.713453536754507695e+03
5.664830841856805677e+01,1.132966168371361135e+02,1.699449252557041632e+02,2.265932336742722271e+02,2.738001573564122850e+02,3.398898505114083264e+02
1.952890792291220521e+02,3.905781584582441042e+02,5.858672376873661278e+02,7.594575303354746438e+02,9.935760171306209259e+02,1.176302640970735183e+03
7.779578606158834475e+01,1.541464491622803052e+02,2.333873581847650200e+02,3.082928983245606105e+02,3.889789303079417095e+02,4.667747163695300401e+02
7.007501842938295340e+02,1.398725120333029736e+03,2.104331989072460146e+03,2.803694549238975014e+03,3.465591257967997990e+03,4.202419669572004750e+03
1.567801074702349524e+02,3.135602149404699048e+02,4.652828995890844226e+02,6.220630070593193750e+02,7.788431145295543274e+02,9.356232219997892798e+02
8.237200877109353314e+01,1.647440175421870663e+02,2.471160263132805994e+02,3.405878093159396940e+02,4.255887119839832735e+02,5.216893888835924145e+02
1.112273882493646397e+03,2.217371804455075562e+03,3.329645686948721959e+03,4.441919569442367902e+03,5.554193451936014753e+03,6.659291373897443918e+03
2.136563876651980820e+02,4.273127753303961640e+02,6.409691629955942744e+02,8.546255506607923280e+02,1.022026431718061758e+03,1.274596182085168948e+03
7.321956335208314215e+01,1.464391267041662559e+02,2.196586900562494407e+02,2.928782534083325686e+02,3.660978167604156965e+02,4.393173801124987676e+02
2.317278544964634648e+02,4.688447288649377356e+02,7.005725833614012572e+02,9.376894577298754712e+02,1.169417312226338936e+03,1.401145166722802514e+03
1.488956902969642044e+02,2.977913805939284089e+02,4.466870708908926417e+02,5.955827611878568177e+02,7.444784514848209938e+02,8.933741417817852835e+02
8.550185873605948927e+01,1.710037174721189785e+02,2.565055762081784678e+02,3.420074349442379571e+02,4.275092936802974464e+02,5.130111524163569356e+02
8.311980853160636116e+02,1.662396170632127223e+03,2.500351963958890792e+03,3.332901590877094804e+03,4.166126988596368392e+03,4.993946219907081286e+03
9.783308302939285284e+01,2.008152756919116371e+02,2.934992490881785443e+02,3.964814417506973427e+02,4.840163055138382333e+02,5.561038403776015002e+02
6.788063685766041999e+01,1.357612737153208400e+02,2.036419105729812600e+02,2.745733625703117582e+02,3.394031842883021000e+02,4.072838211459625199e+02
4.282185012352456397e+02,8.564370024704912794e+02,1.284655503705736919e+03,1.712874004940982559e+03,2.226736206423277963e+03,2.654954707658523603e+03
2.962962962962963047e+02,5.870020964360586504e+02,8.832983927323549551e+02,1.174004192872117301e+03,1.470300489168413606e+03,1.766596785464709910e+03
3.108442246555987367e+02,6.229443855724322248e+02,9.325326739667962102e+02,1.243376898622394947e+03,1.559872836453550008e+03,1.870717061109148972e+03
1.567801074702349524e+02,3.135602149404699048e+02,4.558905429203605308e+02,6.220630070593193750e+02,7.788431145295543274e+02,9.356232219997892798e+02
7.043286867204696478e+01,1.364636830520909996e+02,2.068965517241379644e+02,2.773294203961849007e+02,3.477622890682318939e+02,4.137931034482759287e+02
6.603081438004403481e+01,1.320616287600880696e+02,1.980924431401320760e+02,2.597212032281731808e+02,3.257520176082172156e+02,3.917828319882612504e+02
2.763385146804835699e+02,5.526770293609671398e+02,8.345423143350603823e+02,1.110880829015543895e+03,1.387219343696027636e+03,1.663557858376511149e+03
3.311920057102070132e+02,6.623840114204140264e+02,9.878658101356173802e+02,1.319057815845824280e+03,1.650249821556031293e+03,1.981441827266238306e+03
1.114476075105996387e+02,2.180496668685645147e+02,3.294972743791641392e+02,4.409448818897637921e+02,5.766202301635372578e+02,6.686856450635978035e+02
2.478949141124957976e+02,4.925564163017851342e+02,7.388346244526776445e+02,9.915796564499831902e+02,1.239474570562479130e+03,1.487369484674974956e+03
3.921683798335782285e+02,7.870778267254038383e+02,1.176505139500734685e+03,1.497797356828193870e+03,1.961820851688693210e+03,2.355359765051395243e+03
1.250068775790921791e+03,2.501604768454837085e+03,3.750206327372765372e+03,4.995873452544704378e+03,6.243007794589637342e+03,7.497478220999541008e+03
3.311920057102070132e+02,6.623840114204140264e+02,9.935760171306209259e+02,1.319057815845824280e+03,1.650249821556031293e+03,2.027123483226266899e+03
1.288723667905824186e+02,2.627013630731103149e+02,3.915737298636927335e+02,5.254027261462206297e+02,6.567534076827757872e+02,7.881040892193309446e+02
2.605477424130273789e+02,5.210954848260547578e+02,7.816432272390820799e+02,1.042190969652109516e+03,1.302738712065136951e+03,1.563286454478164160e+03
9.877408056042031603e+02,1.982486865148861625e+03,2.970227670753065013e+03,3.964973730297723250e+03,4.952714535901926865e+03,5.947460595446585103e+03
1.668949531134759354e+02,3.287324834053313793e+02,4.956274365188073148e+02,6.574649668106627587e+02,8.243599199241386941e+02,9.861974502159940812e+02
1.410126866509486945e+02,2.820253733018973890e+02,4.230380599528460834e+02,5.640507466037947779e+02,7.050634332547434724e+02,8.460761199056921669e+02
6.235626195843675532e+02,1.247125239168735106e+03,1.871369844848163666e+03,2.495159793130884736e+03,3.117813097921837652e+03,3.742739689696327332e+03
1.251533742331288295e+03,2.503067484662576589e+03,3.759018404907975309e+03,5.012024539877300413e+03,6.265030674846625516e+03,7.516564417177914038e+03
5.895618100416236302e+02,1.179123620083247260e+03,1.768685430124870891e+03,2.358247240166494521e+03,3.092838989385558307e+03,3.681267753027358594e+03
1.317836665117000166e+03,2.633193863319386764e+03,3.953509995351000725e+03,5.266387726638773529e+03,6.589183325585000603e+03,7.899581589958160293e+03
1.992227773812355736e+02,3.984455547624711471e+02,5.976683321437067207e+02,7.968911095249422942e+02,9.935760171306209259e+02,1.195336664287413441e+03
9.441384736428008750e+01,1.841070023603461721e+02,2.785208497246262596e+02,3.682140047206923441e+02,4.626278520849724600e+02,5.570416994492525191e+02
9.045023218251567698e+01,1.809004643650313540e+02,2.761962447001816940e+02,3.682616596002422966e+02,4.522511609125783707e+02,5.427013930950940903e+02
7.866851595006934303e+02,1.571151178918169080e+03,2.360055478502080405e+03,3.142302357836338160e+03,3.934535367545076042e+03,4.720110957004160809e+03
2.093784078516902980e+02,4.135223555070883208e+02,6.229007633587785904e+02,8.322791712104689168e+02,1.036423118865867082e+03,1.245801526717557181e+03
1.162931556632344154e+02,2.325863113264688309e+02,3.488794669897032463e+02,4.651726226529376618e+02,5.814657783161720772e+02,6.977589339794064927e+02
5.908079088647374419e+02,1.175330627209637214e+03,1.766138536074374770e+03,2.356946444939112098e+03,2.947754353803849881e+03,3.394002880712321712e+03
2.360871188550093507e+02,4.721742377100187014e+02,7.082613565650281089e+02,9.443484754200374027e+02,1.180435594275046697e+03,1.416522713130056218e+03
5.557434629894627278e+02,1.105242617406010140e+03,1.660986080395472982e+03,2.210485234812020281e+03,2.766228697801483122e+03,3.315727852218030421e+03
4.387471478946276875e+02,8.841319228375856483e+02,1.316241443683883062e+03,1.754988591578510750e+03,2.096826384567517380e+03,2.646421904169259960e+03
9.282700421940927527e+01,1.856540084388185505e+02,2.780519201888007501e+02,3.707358935850676289e+02,4.634198669813345646e+02,5.561038403776015002e+02
4.412125522268646591e+02,8.841319228375856483e+02,1.326197884256378529e+03,1.762289981331674198e+03,2.206062761134323409e+03,2.646421904169259960e+03
9.913453973249410467e+01,1.982690794649882093e+02,2.926829268292682968e+02,3.918174665617623873e+02,4.909520062942564778e+02,5.900865460267506251e+02
8.800454803865834492e+02,1.760090960773166898e+03,2.640136441159750120e+03,3.527003979533826623e+03,4.407049459920410300e+03,5.287094940306993522e+03
1.989094874591057760e+02,3.925845147219193336e+02,5.914940021810250528e+02,7.851690294438386672e+02,9.840785169029444432e+02,1.177753544165757830e+03
8.694823148059873574e+01,1.738964629611974715e+02,2.608446944417962072e+02,3.477929259223949430e+02,4.347411574029936787e+02,5.216893888835924145e+02
1.175687934684003494e+03,2.351375869368007443e+03,3.396431811309343630e+03,4.710009071666162527e+03,5.892954339280314343e+03,7.068642273964317610e+03
1.114476075105996387e+02,2.180496668685645147e+02,3.294972743791641392e+02,4.409448818897637921e+02,5.523924894003633881e+02,6.589945487583282784e+02
6.299212598425197029e+01,1.211387038158691780e+02,1.889763779527559109e+02,2.471229557843731186e+02,3.149606299212598515e+02,3.682616596002422966e+02
9.298623063683303371e+02,1.859724612736660674e+03,2.789586919104991011e+03,3.719449225473321349e+03,4.647160068846816102e+03,5.370051635111875839e+03
2.067611777535441320e+02,4.187568157033805960e+02,6.229007633587785904e+02,8.322791712104689168e+02,1.041657579062159130e+03,1.240567066521264678e+03
7.321956335208314215e+01,1.464391267041662843e+02,2.196586900562494407e+02,2.928782534083325686e+02,3.660978167604156965e+02,4.393173801124988813e+02
2.781626892481395430e+02,5.563253784962790860e+02,8.344880677444186858e+02,1.112650756992558172e+03,1.390813446240697658e+03,1.668976135488837372e+03
1.114476075105996387e+02,2.180496668685645147e+02,3.294972743791641392e+02,4.409448818897637921e+02,5.523924894003633881e+02,6.589945487583282784e+02
8.237200877109353314e+01,1.647440175421870663e+02,2.471160263132805994e+02,3.294880350843741326e+02,4.118600438554676657e+02,4.942320526265611988e+02
7.779578606158834475e+01,1.555915721231766895e+02,2.333873581847650200e+02,3.111831442463533790e+02,3.889789303079417095e+02,4.667747163695300969e+02
2.178678180006642151e+02,4.410494852208568659e+02,6.589173032215210242e+02,8.820989704417137318e+02,1.099966788442377947e+03,1.323148455662570541e+03
3.690533397405093865e+02,7.381066794810187730e+02,1.107160019221528273e+03,1.476213358962037546e+03,1.845266698702546819e+03,2.214320038443056546e+03
3.725442638855203086e+02,7.392675236478293073e+02,1.111811787533349616e+03,1.484356051418870038e+03,1.851079311181179037e+03,2.217802570943487808e+03
5.908079088647374419e+02,1.175330627209637214e+03,1.766138536074374770e+03,2.356946444939112098e+03,2.941469163284012211e+03,3.532277072148749539e+03
2.872381943541042801e+02,5.744763887082085603e+02,8.617145830623128404e+02,1.148952777416417121e+03,1.436190971770521401e+03,1.667230388968388297e+03
4.186620587509257234e+02,8.294248333744754973e+02,1.244137250061713075e+03,1.658849666748950995e+03,2.073562083436188459e+03,2.494198963218958397e+03
1.395390872119295409e+03,2.790781744238590818e+03,4.200632625395390278e+03,5.596023497514685914e+03,6.911884319927699835e+03,8.401265250790780556e+03
3.108442246555987367e+02,6.249179996972297886e+02,9.381843871423526480e+02,1.249028611797951271e+03,1.525962557400212063e+03,1.870717061109148972e+03
2.093784078516902980e+02,4.135223555070883208e+02,6.229007633587785904e+02,8.322791712104689168e+02,1.041657579062159130e+03,1.245801526717557181e+03
5.908079088647374419e+02,1.175330627209637214e+03,1.766138536074374770e+03,2.356946444939112098e+03,2.946183056173890236e+03,3.532277072148749539e+03
2.962962962962963047e+02,5.870020964360586504e+02,8.832983927323549551e+02,1.179594689028651374e+03,1.472163987887258600e+03,1.766596785464709910e+03
2.962962962962963047e+02,5.870020964360586504e+02,8.832983927323549551e+02,1.179594689028651374e+03,1.470300489168413606e+03,1.766596785464709910e+03
8.582499192767195382e+02,1.716499838553439076e+03,2.574749757830158615e+03,3.278010978366160543e+03,4.161446561188246960e+03,5.149499515660317229e+03
4.147124166872377486e+02,8.294248333744754973e+02,1.250061713157245094e+03,1.664774129844482786e+03,2.079486546531720705e+03,2.494198963218958397e+03
1.114476075105996387e+02,2.180496668685645147e+02,3.198061780738946709e+02,4.264082374318595612e+02,5.523924894003633881e+02,6.589945487583282784e+02
4.420659614187928241e+02,8.841319228375856483e+02,1.326197884256378529e+03,1.762289981331674198e+03,2.204355942750466966e+03,2.646421904169259960e+03
3.108442246555987367e+02,6.273401624867537976e+02,9.381843871423526480e+02,1.249028611797951271e+03,1.559872836453550008e+03,1.876368774284705296e+03
5.550496509258056221e+02,1.111486925978925456e+03,1.665148952777416980e+03,2.222973851957850911e+03,2.778717314947313753e+03,3.334460777936776594e+03
6.635350959602737930e+02,1.320628103610253675e+03,1.984163199570527468e+03,2.641256207220507349e+03,3.304791303180781142e+03,3.961884310830761024e+03
4.147124166872377486e+02,8.294248333744754973e+02,1.250061713157245094e+03,1.664774129844482786e+03,2.079486546531720705e+03,2.494198963218958397e+03
5.908079088647374419e+02,1.175330627209637214e+03,1.766138536074374770e+03,2.338090873379598634e+03,2.941469163284012211e+03,3.525991881628911869e+03
1.162931556632344154e+02,2.325863113264688309e+02,3.488794669897032463e+02,4.651726226529376618e+02,5.814657783161720772e+02,6.977589339794064927e+02
1.849560180218837786e+02,3.707358935850676289e+02,5.561038403776015002e+02,7.414717871701352578e+02,9.268397339626691291e+02,1.107058571122076955e+03
7.855755894590845401e+02,1.571151178918169080e+03,2.363384188626906962e+03,3.148959778085991729e+03,3.934535367545076042e+03,4.723439667128987821e+03
1.394472361809045424e+03,2.793969849246230751e+03,4.190954773869347264e+03,5.585427135678392915e+03,6.987437185929648876e+03,8.381909547738694528e+03
1.259842519685039406e+02,2.471229557843731186e+02,3.731072077528770592e+02,4.942459115687462372e+02,6.202301635372501778e+02,7.413688673531192990e+02
6.635398666995803296e+02,1.321155270303628640e+03,1.984695137003209084e+03,2.642310540607257280e+03,3.305850407306837951e+03,3.963465810910886375e+03
3.829810595662914920e+02,7.659621191325829841e+02,1.148943178698874362e+03,1.531924238265165968e+03,1.914905297831457574e+03,2.297886357397748725e+03
4.420659614187928241e+02,8.841319228375856483e+02,1.326197884256378529e+03,1.762289981331674198e+03,2.204355942750466966e+03,2.646421904169259960e+03
1.338289962825278963e+02,2.627013630731103149e+02,3.965303593556382111e+02,5.220983064849236825e+02,6.592317224287485260e+02,7.881040892193309446e+02
1.573135292218275708e+03,3.138521149499515559e+03,4.587665482725217771e+03,6.284791733936066521e+03,7.857927026154342457e+03,9.423312883435582989e+03
4.952866242038215887e+02,9.905732484076432911e+02,1.485859872611464880e+03,1.981146496815286582e+03,2.476433121019108057e+03,2.971719745222929760e+03
