1.000000000000000000e+00,2.774688598501591130e+01,3.318800589186378769e+00,8.159854679995072468e-02,2.031803618617032431e-04,6.130227506321215269e-01
1.000000000000000000e+00,8.333152236984967542e-01,7.057302167920013504e-03,8.893599554886763570e-03,7.707551491912869798e-03,7.203262462755018105e-04
1.000000000000000000e+00,2.330840010605173083e-04,3.102381481643681944e-03,2.781135716329128950e-06,8.778989719980361662e-06,2.797930716482368999e-04
1.000000000000000000e+00,8.183881778207644508e-01,8.173194237845682331e-01,8.098548124206450538e-01,9.828789467889468279e-01,1.003363892871565888e+01
1.000000000000000000e+00,2.124989228635341398e-01,1.859940692229192227e-01,8.011103103921926941e-03,2.022583451960330292e-01,4.795091840773531566e-01
1.000000000000000000e+00,5.125300989703130382e-04,4.056399368265686963e-04,3.565179970625070253e-03,1.017028665640682013e-03,1.611137852377151291e-04
1.000000000000000000e+00,7.583810699651361009e-01,2.199993898914314559e+04,3.069354069841558341e-01,8.564661759252216733e-01,3.107674107958097176e-01
1.000000000000000000e+00,8.523538277242682426e+00,1.604342742139856881e+01,1.984638929965028442e+00,4.420430110933099677e+00,2.607843107493654333e+00
1.000000000000000000e+00,2.755089522004614988e+00,9.096635323531244988e-02,7.651814167953523149e-02,8.964081913447165609e-03,5.147383767839088485e-03
1.000000000000000000e+00,2.727333918377824418e+01,1.949555302064494811e+01,1.096201202362033555e+00,7.035777454606508829e-01,4.054641289789899239e-01
1.000000000000000000e+00,1.304043539672058438e+00,1.044694807958733754e-04,3.076072174030011709e-05,4.915224958064285526e-02,1.555795945368121554e-02
1.000000000000000000e+00,3.154378865625752067e-05,4.266475090846057796e-05,5.306021427454775743e-04,3.632310352892506805e-05,1.907283726331595252e-05
1.000000000000000000e+00,4.946694615413265717e-01,7.695225042922489329e-04,3.269992718274314369e-02,6.132967965241807942e-03,2.556391314830658637e-02
1.000000000000000000e+00,3.993654981345092989e-03,4.604482983505801992e-03,2.659314236121912249e-03,2.744133868631246412e-04,7.030529254986058298e-04
1.000000000000000000e+00,2.963928322032569795e+01,2.827184815515882743e+00,3.307107571470193630e+00,5.333684269928960830e+00,2.316335227665506924e+00
1.000000000000000000e+00,1.132109159412474390e-03,4.168273718583756607e-05,8.723931783628342481e-05,8.251902098615822938e-06,7.098910222621656729e-05
1.000000000000000000e+00,5.665016591350044095e+00,2.704949689259875413e+03,4.631649905576685100e+00,8.196776343019148703e-01,8.453929497184892172e-01
1.000000000000000000e+00,1.040739452378439746e-04,4.157273325428761934e-02,1.891351800004532067e-04,7.898044383130559308e-06,3.022485920962078077e-04
1.000000000000000000e+00,1.125353169971819684e-04,2.008266699363183555e-02,6.029967504611203282e-05,6.328430174850895604e-04,3.482551822354540140e-05
1.000000000000000000e+00,9.020727079902686441e-05,2.347801606610768666e-06,2.477271973844779522e-04,1.120768045000070885e-06,2.634776794674727973e-07
1.000000000000000000e+00,1.203772807983059020e-04,6.462983767202382622e-03,9.497701952713013889e-05,1.317018274820477722e-04,2.891608665955290499e-05
1.000000000000000000e+00,5.836482495471634335e-02,4.240557424979769958e-03,2.994157519129821924e-03,8.053858254250739280e-04,6.759302362690642512e-04
1.000000000000000000e+00,6.667343680134159740e+02,9.284473424351585846e-02,7.080740761572006103e-02,1.351943738180285948e+01,1.799412123924823415e-02
1.000000000000000000e+00,4.881876946081661309e-04,1.604549125878344351e-04,6.774152275473865371e-05,2.909561593900579800e-06,6.457237504568835433e-06
1.000000000000000000e+00,3.729174594338401789e+02,4.509966433212504455e-01,1.363921482136403185e-01,3.808115507396764854e-01,5.899344833865831816e+01
1.000000000000000000e+00,1.125406943132332884e-03,1.192379014730081659e-03,1.255489566637996547e-03,2.562009694430801674e-04,1.795543343255258774e-03
1.000000000000000000e+00,9.302609161366508488e+03,5.390206359753022980e+00,4.729685577760908366e+00,6.993221105433188312e-01,5.355766092441349713e-01
1.000000000000000000e+00,3.515873796561672204e+00,4.525433172094217929e-03,4.365942127999392595e-03,7.386703964686762436e-03,8.522576225122089179e-04
1.000000000000000000e+00,4.719903796496746295e+00,6.673463551672573324e+00,2.189970908890531975e-01,7.243309995841155313e+00,1.025459602275086723e+01
1.000000000000000000e+00,6.669436281217688183e-04,2.539822772445696555e-02,9.439104525833111672e-03,7.477984780668196503e-05,3.690091348890639413e-03
1.000000000000000000e+00,5.546090984317979533e-01,2.443493617640605797e-01,1.053108626587237473e-03,2.622355623370602358e-03,1.468349319642241191e-02
1.000000000000000000e+00,2.132630524284222478e-04,7.318744087130192628e-06,1.000026297596624234e-04,7.907610880822160140e-05,1.810300804902938190e-05
1.000000000000000000e+00,2.046948937393327280e-03,6.896418973614507064e-02,7.048089741051386382e-05,1.674500453358843973e-05,8.760194390122207986e-06
1.000000000000000000e+00,2.472472682835851528e-03,3.548440631240372400e-04,3.035666090998689719e-04,3.625959760077100566e-05,1.039779547178137876e-03
1.000000000000000000e+00,7.291594616159081852e+03,2.166452085713403974e+00,7.629775801385745581e+04,8.438116562924099506e-01,3.766740395304830002e+01
1.000000000000000000e+00,8.686083893625128258e+04,1.173031629421533495e+00,5.761544999730418004e-01,2.755462787035972694e-01,2.528899505497063060e+01
1.000000000000000000e+00,1.626474111643592568e+00,3.777652705020224033e+01,5.109205907055451856e-01,1.204844012948227139e+01,1.336931676886921605e-01
1.000000000000000000e+00,6.317598904575854704e+02,7.872506043021066269e+00,3.280529343702672804e+02,2.750463596737686700e+01,3.811404356959154427e+01
1.000000000000000000e+00,4.832146782793571447e+02,6.399506905541280100e-01,2.969152094914129236e-01,1.327905805138257511e-01,1.168371933958810338e+01
1.000000000000000000e+00,3.006152333437331237e+00,8.828734766277134272e-01,3.014505487933428762e-01,3.095500774836031782e-02,6.194380127224159358e-04
1.000000000000000000e+00,8.425690399798472230e-01,5.158980438879041952e-02,1.004493952756006607e-02,7.550474433716498424e-04,1.091104332543468532e-03
1.000000000000000000e+00,9.136754953069335272e+00,1.787147570085521053e+00,6.387424198492634098e+00,9.813031627942345736e-01,8.795226838564526872e+01
1.000000000000000000e+00,1.461255657127674024e+00,9.172504224407007634e-02,4.571880883184705618e-02,4.736641902864586681e-03,3.551714269336479421e-03
1.000000000000000000e+00,1.807308926384385472e-04,3.661681633685385812e-03,2.949657067963506194e-04,1.295442138158560711e-04,1.393460677777511481e-04
1.000000000000000000e+00,1.373541307584890681e-01,4.371951128416931565e-02,5.113150222022231489e-02,1.358324689017438537e-03,2.369281509017332182e-03
1.000000000000000000e+00,1.651923100037982550e+01,2.863284285535613538e+00,1.651372271839611017e+01,2.952597930243440860e+00,4.530028935668060086e+00
1.000000000000000000e+00,5.077323636093941106e-01,9.970147989289972201e-02,2.959787947108216363e-04,1.603724392720849018e-02,4.596719359377083453e-02
1.000000000000000000e+00,2.705103482397090975e+00,1.154329799130200535e-01,4.090640814337773851e-02,1.860934977680534256e-03,3.670143925250668893e-03
1.000000000000000000e+00,1.238807521094622277e-01,2.143307255795078373e-03,7.136329090601527432e-03,7.976658810151497777e-05,6.300204376794004421e-04
1.000000000000000000e+00,7.296678018183548886e-01,5.623189483363966179e-02,2.232476960031745672e-02,1.091061399476396781e-03,1.274924205392344171e-03
1.000000000000000000e+00,5.054752632545531608e-04,8.249370928231332736e-05,7.608376256496084457e-06,5.801438496361422967e-06,2.207747153291790532e-04
1.000000000000000000e+00,5.873721847397493645e-02,1.782709620797092711e-03,1.007154006713783731e-03,4.001533781260572555e-04,1.301074617852516489e-05
1.000000000000000000e+00,9.781413655445215984e-04,2.387572329145709882e-01,4.778828259964625937e-03,7.488898264636240781e-04,1.494368735914318024e-04
1.000000000000000000e+00,1.120270947976906371e+02,6.472614601298742887e-01,1.323224973490866097e+00,2.061429148695286540e-01,9.905014603484772751e-02
1.000000000000000000e+00,4.293109757234512408e-02,1.714385914526040874e-02,2.954002163461463132e-02,8.679092390909255323e-06,2.271441361533264392e-04
1.000000000000000000e+00,4.750215697453629400e+04,8.789332624648855230e+00,3.398334545825809183e+00,8.951547461517036508e-01,3.017856973551491517e+00
1.000000000000000000e+00,4.388391062031976020e+01,4.420809728882669333e+03,1.433404592754956575e+00,2.086021818142518441e+03,4.846150532410504752e-01
1.000000000000000000e+00,7.188362646138039824e-02,6.909896085451579240e-02,2.512386137343884315e-02,1.543906135506916723e-02,4.136013281172013639e-04
1.000000000000000000e+00,6.512955050515759070e-02,1.150046411235326471e-01,1.214709800652456068e-02,8.116727117676752687e-03,4.694480933456193425e-03
1.000000000000000000e+00,7.097188637011293474e-03,4.147918916221047386e-03,8.708464822890582893e-04,1.060749044018594750e-04,2.502259593947934920e-05
1.000000000000000000e+00,4.583955375716653458e-01,1.611785717285705077e+00,2.274195158288550567e-01,5.452306908249753004e-02,2.716854920236139170e-01
1.000000000000000000e+00,2.072224464180648283e+03,3.244384094689816145e-01,7.966069134816786135e-02,4.515181817661650943e-02,3.611049890433380705e-02
1.000000000000000000e+00,9.056560746838500098e-01,3.438021224848318180e+00,1.561041916437536266e-02,2.816904619215948036e-01,1.239216571591403582e-01
1.000000000000000000e+00,3.470077072861593617e-04,4.024184204941653152e-03,5.304323572459729904e-04,1.323691920522661997e-04,2.133681732470716510e-05
1.000000000000000000e+00,3.911594873469546201e+02,2.406414478385018541e+01,3.605425199156810550e+02,9.221995777452193011e+00,6.682969245949957227e+00
1.000000000000000000e+00,1.701820024544917764e+00,7.742304128977137267e+00,3.397190522783027244e+00,6.348883027152463221e+00,1.354254502885822546e+02
1.000000000000000000e+00,6.550410585560802190e-02,1.567553021167108389e-03,3.371459060608222261e-03,1.316713581111813355e-03,3.538029714657084531e-04
1.000000000000000000e+00,4.785937530891863911e-01,1.283679966110076731e-01,9.357056080930853045e-03,6.000103559829385274e-06,2.364611230828015526e-03
1.000000000000000000e+00,1.536850624567938723e+02,2.453869070147648990e-02,1.614838303536039188e+00,8.030054453359060096e-01,9.571108911875467217e-05
1.000000000000000000e+00,1.847289142204399104e-01,1.433965344754811078e+00,1.231235759170136390e+00,2.891071022615424368e+00,7.510163486904624541e+00
1.000000000000000000e+00,1.603024762624405072e-04,3.740203335217206311e-05,1.461080163657903870e-04,4.482792224659054066e-05,1.568045773565963341e-05
1.000000000000000000e+00,1.336064685207727365e+00,5.292140383481571016e-03,9.163589032667835213e-03,1.088381062349582165e-02,1.541512079688840253e-04
1.000000000000000000e+00,2.935013581707198060e+00,1.172290435230630411e-04,3.235032230262424623e-05,1.937297729760505593e-05,2.108743941668601851e-02
1.000000000000000000e+00,1.634864017412846371e+00,4.477891567787203875e-02,2.879963045454793091e-01,1.247743251392350282e-02,1.578045257416055974e-02
1.000000000000000000e+00,8.761374305437467410e+04,1.190842767905114563e+00,1.067415518555703269e+00,3.404992931249069543e-01,5.850211822420545715e-01
1.000000000000000000e+00,2.195184605884097806e+00,2.869924990711334090e+01,1.515755308236682142e+00,4.529729621860102418e-01,7.816550409651917830e-01
1.000000000000000000e+00,4.610551712351031165e+04,6.667691562467824573e-01,5.763483513355346366e-01,2.649540957120131157e+00,5.639220890224205807e-02
1.000000000000000000e+00,1.073379070473382626e+03,1.024962382409185802e+00,8.100450634789668758e-01,1.080634131790070507e+00,5.639459224068331196e+02
1.000000000000000000e+00,2.742771453438817564e-01,6.582300253083875341e-02,2.848572803486678837e-02,1.480976516136917444e-05,1.116619041921759802e-03
1.000000000000000000e+00,1.523057124234508786e+00,6.068187965313986965e-02,2.122781599221049489e-02,6.163968770826364248e-03,1.040742961520810771e-02
1.000000000000000000e+00,4.030590994666415128e+01,6.061932166825545920e+01,1.122165391178028271e+00,6.942137350975794430e-01,7.229462782546597355e-02
1.000000000000000000e+00,1.032790865582869540e-02,7.656993336633310704e-05,5.452606540135747359e-04,1.628900513603595221e-04,3.186686542422086186e-05
1.000000000000000000e+00,9.636248088478420470e+01,3.238227596117622675e-01,8.927829298556425042e-02,1.681533208157686976e-01,1.681391239679564387e-01
1.000000000000000000e+00,3.045595284232076150e+00,9.707422395741840404e+00,2.077424306754497574e-01,1.827723915244658034e-02,4.752096256185086090e-03
1.000000000000000000e+00,6.338347897676382958e-01,1.176788674564164250e+00,3.553050972855431588e-02,1.019196356901005702e-03,6.755681189392999039e-03
1.000000000000000000e+00,2.990605407184980322e+02,2.670879649152961832e+00,5.524223046723022890e+00,5.123718487056031501e-01,2.808483124222761251e+00
1.000000000000000000e+00,8.831771616305220007e+00,3.314126166103530835e+00,4.476838412601087391e+00,2.976369508229241845e+00,1.367707570428062236e-01
1.000000000000000000e+00,1.583659032346215099e+03,1.171166797345368771e+00,4.995435660794325550e+00,5.983773532463108197e-02,1.813540264686805870e+02
1.000000000000000000e+00,3.146634448539048176e-04,7.385552395755480559e-03,1.807905487477620286e-04,1.253380872662288078e-05,3.406202115759101950e-05
1.000000000000000000e+00,3.427736515724794097e-01,2.080295096715748748e+00,3.042600276622354771e-01,1.269687534856281108e-01,9.967369258699057197e-03
1.000000000000000000e+00,1.326985435321589302e+00,7.409834168433057089e-01,1.058496387758592200e-01,2.400757796229545729e-02,5.705317400275911055e-02
1.000000000000000000e+00,8.026654583016030742e+00,3.359356259523169075e-01,2.104725290680367622e-01,4.438861841065599306e-02,4.102641165773783342e-03
1.000000000000000000e+00,9.685738423373606298e-02,2.664130277938251204e-02,1.483176118897210766e-02,2.443556372606639059e-03,1.072901336132576016e-06
1.000000000000000000e+00,2.879817163744728403e-01,3.217538072778399538e+00,4.491881844881589342e-02,9.704681362046171933e-02,7.902611974224797600e-05
1.000000000000000000e+00,2.394733016522281766e+00,1.917713409984131701e-01,7.501352636171429444e-02,1.290631983859453526e-03,7.439036364415762349e-06
1.000000000000000000e+00,2.005479415437429799e-03,5.403471515706656817e-04,2.618717643651342734e-03,1.014440763006478337e-04,4.822587248556020850e-04
1.000000000000000000e+00,6.837285607525097397e+00,6.968126838126823763e+00,1.796219345456552707e+00,6.141146729516485658e-01,5.029908975911021596e-01
1.000000000000000000e+00,8.169426919309416002e-01,1.563303414825969184e-01,1.724051729166953817e-01,7.145888692077436710e-01,4.977312741233109322e-02
1.000000000000000000e+00,2.031488080876830591e-04,9.155642860557531779e-03,1.389125070972174487e-04,4.528432470593675533e-05,1.279389312878496161e-05
1.000000000000000000e+00,5.356695179436339060e+01,3.448851115022267066e+01,2.562493481778134452e+01,1.578238648418585521e+00,8.287324485318206868e+00
1.000000000000000000e+00,3.006245262112022028e-03,2.018219672682664370e-04,8.538191749163253665e-04,2.265732130359721780e-04,4.183919034696258637e-06
1.000000000000000000e+00,7.696251937513883812e-01,1.685654163420947371e-01,8.684908199217003522e-02,3.552402268943528982e-03,2.886096272921631362e-03
1.000000000000000000e+00,3.924018234557096613e-02,1.076256369198670335e-02,3.451146520398675616e-02,1.001579339246516783e-03,1.738792975930832313e-03
1.000000000000000000e+00,2.948011556685952655e+03,1.182013092956166744e+00,1.390906720783319228e+00,3.300756138302808562e+00,2.580058044020976027e+01
1.000000000000000000e+00,2.861162398442630987e-04,3.131302251901397852e-06,1.787006304882465181e-06,7.969236114426557840e-04,1.925027100155806797e-05
1.000000000000000000e+00,2.095306833301574443e+04,8.416380006230288480e-01,5.099994785502551808e-01,7.150734013461956806e-02,2.199653896996881242e-01
1.000000000000000000e+00,2.142134378581525209e-02,2.003362654027244702e-04,2.866065569463251399e-03,4.591565397482319012e-04,1.320207446006499907e-04
1.000000000000000000e+00,4.652917603413183364e-04,1.468355977492520337e-01,4.600636733933488706e-05,3.438098812287508063e-05,1.702104547405473332e-05
1.000000000000000000e+00,1.993116932167081146e+01,2.842228482257677397e-03,2.098224332297428732e-02,2.029566950543006121e-02,1.584539982366818794e-03
1.000000000000000000e+00,5.717233916151596233e+06,3.513174006057018239e+00,2.669383077290883753e+06,2.108108087759891447e+00,3.696172428480725648e+04
1.000000000000000000e+00,9.238934508769627851e-05,1.011776843631367710e-03,1.038274036924029894e-05,3.534144352747820956e-06,2.305256725103393473e-05
1.000000000000000000e+00,2.240181763343839470e-03,5.223090900127473103e-03,1.343020620836746974e-04,1.610493487230271487e-04,2.362220789208146848e-06
1.000000000000000000e+00,8.065686455914325469e-04,3.749809158057660382e-05,1.025905037772702755e-01,1.072212323089538066e-01,2.386401320513389904e-06
1.000000000000000000e+00,5.841911737849881867e-03,2.237661807683092880e-03,1.445553131952798760e-03,2.885081228607433716e-04,3.690222937461264271e-04
1.000000000000000000e+00,4.787524883260958042e+00,1.121669920390553493e-01,7.315269063994352117e-02,1.064603333936964789e-02,8.325533699035485291e-04
1.000000000000000000e+00,7.367304444869267055e-01,4.031844293196149565e-01,3.013613657593126050e+00,1.553820065655583837e+00,1.399911979405766616e+00
1.000000000000000000e+00,5.701471721969341155e-01,2.521570818088182619e+00,2.450130045601864648e+00,6.728329923512221811e-01,3.799162766428955673e-01
1.000000000000000000e+00,2.283090983752572856e-01,2.730881541843050223e-02,3.976001919052781552e+00,1.544289637512999525e+00,1.702713359399128823e+00
1.000000000000000000e+00,2.739634663716075114e-01,9.407014768890627820e+00,1.569500119778344027e+00,2.507281401109829222e+00,3.141313339489641004e-02
1.000000000000000000e+00,1.346128688283944053e+00,1.023965542848296467e-01,3.963243748599651339e-02,8.078744536615194149e-02,5.710516860757103297e-03
1.000000000000000000e+00,9.167259919083479980e-02,3.263239910273289107e-02,9.264661392295649167e-02,4.097665760486988822e-03,3.094200672950699364e-04
1.000000000000000000e+00,1.188029207766218143e+01,2.369555089541508064e+00,1.369925398322157406e+01,1.655360529954123416e+00,1.656976318902223244e-01
1.000000000000000000e+00,1.330932394206891477e+05,1.777261719218116598e+00,2.845884809312494212e+01,1.626987843568332148e-01,1.028621849622444188e+03
1.000000000000000000e+00,9.771982347027469336e-05,7.044218276010881345e-04,2.953699778972961786e-06,1.942153314125378443e-04,2.450708026274702475e-04
1.000000000000000000e+00,1.187124766390824371e-01,2.786484235776756635e-02,3.238212173837921350e-03,1.809875248067501939e-03,1.043472525773844403e-02
1.000000000000000000e+00,1.960063196486646342e-01,4.577695912489468388e-01,1.336994757710303361e+02,2.395589060264034439e-02,4.495071783368356083e-03
1.000000000000000000e+00,2.518880593482101471e+00,1.179705282916287068e+00,2.895227481865869090e-01,5.127929161488902800e-03,1.142004301989545285e-02
1.000000000000000000e+00,1.225703251363420713e+04,5.563900948454025830e-01,1.526599268787932173e+00,6.402082046407737981e-02,5.034880958941973655e-02
1.000000000000000000e+00,7.261359873880188616e+02,4.643498464788879510e+00,3.099267073886797164e+01,3.145828192585732097e+00,3.258439762543271723e+00
1.000000000000000000e+00,3.283516076529477087e-04,4.103104139235573822e-01,3.561745051701204791e-04,9.517907707567352295e-04,1.283607297787575771e-04
1.000000000000000000e+00,5.345423062701595840e-03,3.851154563665627490e-03,2.658129786114263923e-03,9.928338019799096050e-04,2.453647897250223328e-04
1.000000000000000000e+00,4.392083026561022338e-04,4.454472438574295923e-03,5.429533914567809483e-05,4.194981903776831454e-06,4.219906800544104118e-05
1.000000000000000000e+00,3.375410295445424439e-04,1.115484837870314689e-05,1.292229884982582948e-05,3.259288792873744927e-05,2.487667973606545993e-06
1.000000000000000000e+00,5.508522376034782342e-01,6.363330665767773509e-01,1.859170738308818072e+00,1.302561758437834061e-01,1.549193660933801363e-02
1.000000000000000000e+00,2.138782744717963934e-04,4.510142575816141348e-05,1.741421709964978458e-04,2.210480577036187541e-05,6.873886614719010155e-06
1.000000000000000000e+00,6.887389003918189829e-05,2.300845046146710385e-02,1.799118870898067687e-04,4.217361549285249165e-06,1.026984798125472930e-03
1.000000000000000000e+00,1.474430672833022449e+01,8.424634137575317538e+01,1.988973336422083094e+01,8.897364219059257229e-01,2.385078057954159170e-01
1.000000000000000000e+00,3.275066062710639471e+03,5.757858050272401584e+01,6.447849440350660188e+01,2.880539839971296169e+04,2.120881142607438541e+00
1.000000000000000000e+00,4.662173465630641066e-04,1.280283351617920659e-04,1.046785414194244197e-04,2.704627830117469937e-05,1.997204395193825238e-04
1.000000000000000000e+00,2.164756181971040583e+00,1.342254887429145333e-03,3.945182625142309302e-02,1.057379136829806124e-02,1.461149102436124165e-03
1.000000000000000000e+00,1.772356138196294705e+04,1.149268697046477439e-01,6.400716535327881651e-01,3.450818026424402888e+03,1.678706153591870975e-01
1.000000000000000000e+00,1.952821666725770011e-01,7.312265041027415924e-02,1.131010392759296268e-01,3.329747619267433428e-02,2.292746295716967947e-02
1.000000000000000000e+00,3.579683820548452272e-02,2.570354084687072674e-02,5.399719670298949031e-03,3.236225581787665912e-03,6.116568231959822188e-03
1.000000000000000000e+00,2.654850043918904261e-04,7.360718250960202416e-05,1.712521164020770704e-04,1.484264968994320012e-06,2.032587059733000534e-05
1.000000000000000000e+00,1.240606184373562316e-04,1.466882994070834844e-03,2.089789002333774441e-05,9.538161355707904508e-05,5.460017802791881168e-06
1.000000000000000000e+00,1.351965459382914181e-01,4.803372460239274666e-02,3.030101187452482678e-02,1.357084550100199662e-02,1.429286541193826483e-02
1.000000000000000000e+00,2.572509250336338926e-01,2.738007415263851024e-02,4.500677335958300912e-04,7.225090918514960256e-03,7.107692365369446376e-04
1.000000000000000000e+00,1.144782557564732350e+01,3.360962594804453829e+01,5.439365272875876123e+00,2.919581046274448255e+01,1.697371199533271735e+01
1.000000000000000000e+00,1.059648782172666692e+01,4.093508591116689388e+01,7.544774413420524128e-02,3.481249449688464948e-01,6.803577644143281589e-01
1.000000000000000000e+00,5.841247775605786074e+01,2.703208175976760108e-01,8.202995681526616123e-02,3.278821978140143006e-02,2.235879660115863699e-01
1.000000000000000000e+00,1.741760761719572583e-04,2.318042191164643162e-02,2.613948253062720571e-03,1.933449804737038787e-04,2.828996011687332055e-04
1.000000000000000000e+00,1.157619023832484650e+01,2.275365501133178370e+00,1.045036576042500387e-01,6.518336596131335536e-02,3.598207944995969465e-02
1.000000000000000000e+00,1.235217090971274745e+00,7.385540389252983617e-01,4.702874590290063161e-01,1.216435615399280995e-01,2.863225992238118897e-02
1.000000000000000000e+00,3.396238983707127090e+01,1.068368236032895524e+01,5.359017809250294917e+00,8.413290378881611853e-02,5.310093951572931736e-01
1.000000000000000000e+00,9.848849947300623171e+04,8.847623369479884481e-01,8.724102323064104780e+01,1.512587524549247053e-01,6.497004721068493893e+01
1.000000000000000000e+00,4.658736867022753025e-01,4.040890367708226627e+00,9.318363509150997268e-05,5.037632933832691257e-02,1.525433136705565129e-01
1.000000000000000000e+00,4.085045736515395674e+03,7.212611961773746083e-01,2.117154925522354153e-02,9.781959648430201071e+01,1.570207694534312415e-01
1.000000000000000000e+00,2.003282519422675421e+02,8.540743459656674474e+01,8.559569432810484102e+00,4.115936110198497033e-01,1.205494752562423555e+00
1.000000000000000000e+00,3.713873183766544389e+04,5.344258928089992366e+00,1.107856810431136837e+05,1.535787255398542129e+03,2.006102830839249673e+00
1.000000000000000000e+00,1.368959659931949346e+00,2.295660085896212010e-01,4.331820195367722115e-02,3.781069139944061991e-02,1.244078001154345307e-03
1.000000000000000000e+00,1.731439089800807993e-04,2.054400671503516049e-03,2.756164550291154784e-06,9.231459867839563306e-05,1.396282427477813542e-05
1.000000000000000000e+00,2.120385070348228318e+00,3.602614550481518518e-02,1.153335659847348621e-01,6.547673655067309806e-02,8.067361544004890070e-03
1.000000000000000000e+00,2.862306505718869175e+03,1.364732404793353560e+00,2.649394878407258958e+00,5.134917847460067186e+00,9.448310499349282798e-01
1.000000000000000000e+00,3.528030564878368978e+02,7.459776040827782451e-01,2.200205374441272510e-01,1.669749138278392164e-01,1.904849785466413703e-01
1.000000000000000000e+00,1.797154271332323375e-05,2.162401827065724223e-04,1.078730945462031169e-04,1.589481682971707519e-04,1.591663932857170419e-06
1.000000000000000000e+00,1.387315650161774716e+00,8.752293380482467633e-01,5.362500690587734820e-01,6.140964759778861293e+01,6.411389878812171483e-01
1.000000000000000000e+00,6.263120756571890265e-05,6.220183356320078700e-04,6.194106721906830597e-05,3.924279866554814497e-06,4.430979504455667082e-06
1.000000000000000000e+00,1.770976790032933934e+01,8.949680407496396484e+00,1.549918596695394057e-01,4.387595608496427935e-01,6.158256360934444631e-03
1.000000000000000000e+00,1.243265549509404684e-04,6.057860385271870594e-04,4.553095346844532754e-04,1.057133692184588385e-05,9.723883644562930542e-05
1.000000000000000000e+00,7.207579494016518318e+00,2.361476424496867510e-01,8.525066441593132094e-02,2.019856430259685601e-02,4.509962298125338304e-02
1.000000000000000000e+00,3.398115211101744324e+06,2.815832675448545430e+00,1.313953181620005672e+01,3.504403360862236028e-01,5.420193265923840045e+02
1.000000000000000000e+00,1.835638729042525247e-03,1.735796858688343040e-03,2.628284385402538054e-04,1.852133026446100466e-04,2.673974753981234838e-04
1.000000000000000000e+00,1.627184539812008134e-04,1.323549741237091577e-02,5.334240574208153296e-05,1.486541760590930213e-04,1.218526860464997758e-05
1.000000000000000000e+00,2.064981720507340912e-01,8.792691010807759944e-02,4.258250232868104890e-03,1.316352519988065427e-02,3.106403236281056870e-06
1.000000000000000000e+00,5.491533285099808870e-01,4.197887188603488973e+00,1.185136342080895488e+01,1.560779899375417168e+00,2.930800941749518995e-01
1.000000000000000000e+00,1.000000000000000000e+00,9.609214355213087659e-05,1.443900348077084648e-03,1.443900348077084648e-03,1.746626602226782478e-05
1.000000000000000000e+00,3.438331497764871513e-04,1.917943208879675516e-04,1.128892919339980119e-05,2.244697882542960254e-05,2.593826453963913434e-05
1.000000000000000000e+00,1.370617145110242371e-03,5.909474713834897940e-03,8.769082516775668357e-04,3.046414395389150296e-05,1.716711165443232136e-04
1.000000000000000000e+00,1.587725836825222459e+01,1.200493960773145963e+00,3.088090867318845495e-02,2.698721937987835773e-02,1.249617548875174219e-02
1.000000000000000000e+00,3.523329626528720615e-02,7.522474409576492861e-03,8.749920003245263006e-03,1.172038828333814330e-03,7.913298121108249981e-04
1.000000000000000000e+00,6.742853576412978001e+00,7.920899613027200026e+00,2.362043029821555007e-01,4.857438120712666563e-01,3.590227248546462024e-01
1.000000000000000000e+00,9.386136358948400371e-01,3.434005515717275525e-02,1.589953331794582980e-01,2.919846222704347571e-02,4.887079960798556555e-01
1.000000000000000000e+00,5.087967489818109312e-01,3.800322729932571753e-02,4.736657894418506293e-02,2.658367604565703077e-02,2.317355123045462817e-03
1.000000000000000000e+00,5.941807947491653833e-04,7.898633562487999971e-01,1.640445497554524957e-04,1.172643443942018035e-03,1.750295984500276731e-04
1.000000000000000000e+00,1.211898845714868500e+00,4.502639190457147778e-01,9.787173178721519928e-03,1.230564482837173262e-01,5.302978289477571980e-03
1.000000000000000000e+00,3.453728165992839422e+03,6.967306390456217136e-01,3.442761428990964934e+00,1.838120147671935822e-01,7.737612207836773948e+00
1.000000000000000000e+00,9.667173982619756245e+00,2.131472469778422507e+01,6.113314305312598229e+00,1.008273186274443287e+04,1.720465561391150811e+00
1.000000000000000000e+00,1.103633281939932820e+00,3.440106263711070755e-01,1.103822841072806121e-01,9.700548400138732097e-01,3.729990704651672928e+00
1.000000000000000000e+00,1.765183693470592008e+00,5.938735099941567785e-01,2.226303119134107333e-01,2.356018448622077238e-05,3.432230861290000434e-02
1.000000000000000000e+00,6.236402916865061430e-01,1.224411523139472102e+00,1.444170193831203208e-01,2.084958889999974016e-02,6.255158297722103293e-03
1.000000000000000000e+00,2.286012425767518064e+00,1.320842419715184235e+00,5.200769345562378021e+00,7.350841689126851606e-04,4.325349710950611784e-04
1.000000000000000000e+00,7.279755862702304292e-02,9.855205033866106662e-03,9.594461345838464295e-04,2.034960909545044036e-04,1.612619231960634326e-04
1.000000000000000000e+00,1.286620933878456015e+02,1.467080185679459525e+00,1.045905140147756107e+01,4.831625978705408886e-01,8.964557394219607733e-01
1.000000000000000000e+00,1.071075901168056979e-04,3.138971413180485087e-02,2.392906475311697576e-05,2.679332581006921158e-04,3.946380190797665702e-06
1.000000000000000000e+00,1.022580475290848031e-04,3.303038499093828334e-04,4.620978986937664899e-05,1.077481293895786030e-05,6.429212537302272782e-05
1.000000000000000000e+00,6.904825089032173935e+01,1.871333229442445178e+00,2.893716914256469153e+00,1.942305883373231623e+01,1.264914156590055461e+00
1.000000000000000000e+00,6.899646769933542600e+01,3.186965116666014364e+04,4.080071615089186365e-01,4.480084538654953576e+03,2.031736174318609089e-01
1.000000000000000000e+00,7.676949246713632782e-03,3.545841251227880436e-02,6.072863936770147957e-03,9.022406588855228643e-04,5.310957055217268929e-05
1.000000000000000000e+00,1.132404956353309622e+01,1.365386614333354842e+00,2.094678760494281533e-01,1.642313323708271822e-01,1.694183637021627419e+03
1.000000000000000000e+00,5.657850635148904683e-04,5.030047241779706663e-03,1.255236347250265639e-05,1.326732649252852058e-05,1.886864826095451911e-05
1.000000000000000000e+00,1.161019276917798315e+01,3.292142644843647492e-01,1.249261510283530829e-01,2.957919573644213870e+03,3.317648160510300870e-01
1.000000000000000000e+00,1.828839349067195252e+00,4.263421624249178166e+01,1.859958402381882081e+01,6.980423430399742557e+00,6.506242558536357024e+00
1.000000000000000000e+00,3.441456983887332677e-01,6.135716648390615369e+00,3.079036269073537113e+00,6.597687046184672610e-01,2.335653710839697972e+00
1.000000000000000000e+00,1.176797464029988083e+00,5.018338076034244422e-01,2.217056315945977474e+01,2.290897865945483858e+01,1.220554919864991028e+01
1.000000000000000000e+00,7.782643162464374098e-02,3.879852502294848793e-01,8.031258992754413129e+00,1.718589037787638318e+01,2.512198321344904020e-02
1.000000000000000000e+00,2.136405994794980945e-01,2.611410346508347829e-02,2.696173027885445661e-01,1.798109559658710221e+00,1.569313629773542829e+00
1.000000000000000000e+00,5.723648899353992459e-01,2.449317755285695675e-01,1.753301917611569949e-01,5.156744547649349045e-03,3.801227863146600106e-02
1.000000000000000000e+00,1.621963568090241115e+00,2.149810262714616282e+00,3.234573708463571506e+01,2.769197181096051175e+00,1.405842475812181647e+01
1.000000000000000000e+00,2.162257788906823226e-04,3.940787183177510422e-02,1.767970881482465093e-04,2.755372702880654428e-05,7.892689147412765467e-06
1.000000000000000000e+00,1.129752977848479611e+00,1.085981584692301688e-01,1.566596752234706083e-02,6.679356973006835702e-03,4.401545903089337450e-03
1.000000000000000000e+00,1.949336750414475006e+01,3.586638544546435270e+01,2.523694551837315798e-03,4.196060722371511176e+00,5.563682825939635279e+01
1.000000000000000000e+00,1.701475473350471113e+00,4.153035871308923682e-02,2.991078485836490275e-02,6.308443508396214400e-04,5.758884416235144363e-04
1.000000000000000000e+00,3.192677025022704063e-02,1.178365133363965499e-02,1.819620446337595066e-01,2.302749383992461294e-03,1.616668922867781359e-05
1.000000000000000000e+00,4.137956875883915019e-04,3.768017799756856901e-03,5.437022400040761490e-05,3.231250884569792975e-05,5.963310771489830367e-05
1.000000000000000000e+00,1.337773246169324803e-01,3.470474589623062048e-03,2.876612859245195573e-04,9.911084951457645978e-05,3.341789182340000369e-04
1.000000000000000000e+00,9.325650973392488607e-01,4.440388661565297657e-01,8.172469278723944186e-02,2.120174591643310749e-02,1.999898944868525388e-03
1.000000000000000000e+00,7.858632689489715439e-02,2.011522799554541940e+00,1.419915994998532070e-02,1.055894525112516073e-02,2.059522595215456664e-01
1.000000000000000000e+00,7.368964808033403813e+01,5.779011032617016319e-01,6.243445531197312770e-02,1.890446842456509208e-02,5.905738460076609408e-02
1.000000000000000000e+00,2.862214930068090268e+01,3.223964344388063807e+01,1.564401384700038866e+00,9.431280389762773941e-01,4.311777873638901859e+00
1.000000000000000000e+00,1.629574583155076414e-05,3.256907333869381543e-04,5.095585878962097031e-04,8.416663594435833248e-04,1.411375425447033917e-04
1.000000000000000000e+00,1.721071271240505780e+02,1.686115153007348511e+01,1.061628855444932498e+02,6.591502300745935017e+00,2.099769516782452605e+00
1.000000000000000000e+00,9.170183761466608630e+00,2.907503720040399142e-01,4.417904927580251773e-02,1.714587458690408574e-04,9.616997474937366832e-06
1.000000000000000000e+00,5.158300978714549956e+00,1.884526255424020524e-01,6.981550334893231458e-02,2.379730146265319490e+02,1.201085303265808646e-01
1.000000000000000000e+00,7.750027111629029797e+00,6.631312847067490912e-01,2.173972422875130039e-01,2.294768615237827436e-01,4.630316021021173983e-02
1.000000000000000000e+00,5.359286337032007075e-02,6.258012247834262090e-03,8.008904857094593766e+00,7.371262725033939957e-03,1.477409060327679758e-03
1.000000000000000000e+00,5.856322243544450897e-05,3.212741515726506500e-03,6.826359506868162022e-05,6.950309846414513728e-05,1.015673963413474185e-05
1.000000000000000000e+00,6.639065165017175862e-02,3.058129072541959648e+00,3.415930487730690635e-01,1.475143303252134830e+00,1.612068313949250209e+00
1.000000000000000000e+00,3.146266196089560137e-05,6.437984962087445195e-02,2.666038181428916523e-05,3.656027485392022210e-04,8.290570458714544358e-06
1.000000000000000000e+00,5.222807646523733860e-01,1.217057511939546866e-02,2.801906598287464550e-02,4.926930049753297340e-03,1.947558920241715435e-05
1.000000000000000000e+00,7.698220937945240621e+03,3.151397605659079226e-01,6.388366238065400216e-02,8.857329103385139235e-02,4.915178378553121341e+00
1.000000000000000000e+00,3.284663658211270931e-01,1.003858267744386268e+01,3.563110292354786379e-01,8.693948595371850385e-02,2.834174858792389839e-01
1.000000000000000000e+00,1.117758392015518520e+00,2.118989849688357019e+00,6.228940714060943185e-01,3.189717778729880880e-05,3.286352551823881751e-02
1.000000000000000000e+00,1.630377824040454371e+01,1.409499270424615531e+02,3.353719606593433156e+01,1.476816492441133377e+01,4.488196519297785159e+01
1.000000000000000000e+00,3.426429841102403284e-02,1.727279305651417771e-03,3.363539704450489286e-03,1.599819471055656441e-03,2.318378540209372035e-04
1.000000000000000000e+00,2.502828747117535002e+00,3.306884350690973662e+01,8.085081675753619024e+00,4.167844775533600554e+00,3.279116158576004914e+00
1.000000000000000000e+00,3.967479289102712140e-04,2.411611646931294451e-05,4.433356747934832942e-04,1.072346880399107887e-05,1.780668199818351883e-06
1.000000000000000000e+00,3.588764967283479823e-01,6.582245727594014661e-02,2.082401020986353601e-01,3.741971801929632607e-02,6.181797934617725820e-04
1.000000000000000000e+00,3.377917037242281743e-05,1.219178319539574243e-02,4.383621428203489059e-05,3.221916632718989983e-05,6.450883087739882107e-06
1.000000000000000000e+00,5.244184375612723770e-01,1.120685621996335759e-05,3.109115356284765652e-01,2.867671447096775857e-03,5.843436420542292425e-03
1.000000000000000000e+00,4.532716018725571061e-01,7.461500485683524309e-01,2.185751017553921038e-01,1.647303249083800769e-02,1.969714867214933038e-02
1.000000000000000000e+00,2.967802175062371930e+02,7.636629331409248156e-01,1.429098569323191681e-01,1.950165396758024583e-01,3.874059464624159688e+01
1.000000000000000000e+00,4.504951596769219080e+00,1.474130262075485254e+00,4.544812739162885640e-01,1.001297467111412987e+00,2.550063069537436603e-06
1.000000000000000000e+00,1.355750891343199482e+00,2.024453346616728652e-03,1.566825684755967195e-03,6.292784714747982205e-03,3.819823614957949440e-05
1.000000000000000000e+00,6.207154478365946026e-01,4.585824168698342945e-02,6.680086245648046706e-02,1.553916169847994360e-04,6.637912377781421749e-04
1.000000000000000000e+00,5.189459627136228373e+05,1.404781417603192972e+00,2.448525630600935643e-01,8.551624193040921473e-02,5.522467685605914056e+00
1.000000000000000000e+00,2.034167036600188272e+00,2.634973244676224180e+00,8.513755544350226634e-01,8.703702707801589389e-01,3.463129917927140422e+00
1.000000000000000000e+00,4.604002929929671417e+00,2.133972134446589231e-01,1.522443422164655898e-02,2.316765413795732198e-02,4.688803405202162690e-03
1.000000000000000000e+00,3.878279143586990652e-05,2.977154187927846113e-02,2.483476577149138355e-04,2.364437666313570218e-05,9.907557327951613263e-07
1.000000000000000000e+00,5.767486702450081992e-01,1.446560285717264117e-02,4.806269373124145462e-03,1.479632293900550420e-03,1.765870398797472806e-03
1.000000000000000000e+00,1.423033140505040928e+00,2.321062126287448124e-01,5.457146403761726772e-01,3.534805456660049527e-01,6.333456848881123813e-01
1.000000000000000000e+00,2.200545788257919481e-04,5.037499285061065868e-02,8.618610161815339413e-03,3.532848719588978139e-04,2.933394977373364725e-03
1.000000000000000000e+00,1.155001603922073627e+00,8.298800227189142772e-03,2.325215554706127220e-03,5.100225619459027721e-02,1.818127481114907920e-02
1.000000000000000000e+00,1.733941649962204508e+06,4.214993402014935775e+00,9.807759248759584807e+03,2.674521941927661128e+00,1.318923961347333097e+05
1.000000000000000000e+00,2.799755292035971399e-01,5.739214990213103107e+00,9.689236173163788546e-02,2.437130065357381525e+00,1.501796982270071634e-01
1.000000000000000000e+00,2.520196999818903105e+00,1.019384614457542887e-01,1.416863972453476783e-01,9.735572534404814951e-06,3.352673636759406404e-04
1.000000000000000000e+00,7.545509553619664800e-01,4.888746751502814347e-01,1.364442296799248389e-01,2.668854035534692638e-05,3.681062761409993611e-02
1.000000000000000000e+00,4.990548718898121905e+00,1.199072791537082949e+01,2.821269052240415465e-01,2.159544091822782341e-01,1.783914060457987005e-01
1.000000000000000000e+00,4.180717100297870296e-04,2.901787703446064695e-05,5.423096419063229510e-04,2.850493701964042907e-06,3.932739845305124817e-04
1.000000000000000000e+00,7.113944709937657573e-05,3.053633048962842286e-04,1.541135123961976489e-05,3.844314548797971553e-06,1.325825854941521053e-05
1.000000000000000000e+00,2.358502649175842958e+00,3.102752237148271863e-01,3.953576736727196922e-02,1.453172518377113080e-02,1.865763958448592510e-02
1.000000000000000000e+00,3.549790207856300128e+01,5.053587785670707877e-01,3.409213575772520044e-01,1.753524208609339996e-01,7.716401104975924297e-02
1.000000000000000000e+00,3.627440696654141389e-04,1.488812097651113814e-04,4.984338864744870676e-05,9.127776522948015121e-05,7.260639897794377625e-04
1.000000000000000000e+00,7.325080262212908594e-04,1.406681015908494703e-01,4.141439878829771990e-05,6.300959414685110922e-05,1.285451608302986333e-04
1.000000000000000000e+00,1.771905187538310500e+01,1.276809508127191517e+00,1.975544931590409092e+01,1.926117099012321532e+01,8.514851978154961643e+00
1.000000000000000000e+00,2.565046476280605637e-04,2.341272286229963649e-04,1.777313791039773259e-05,2.562549411683110614e-05,6.340734724063286538e-05
1.000000000000000000e+00,1.716980001087617502e+00,2.312183090197662771e+00,1.721015836074790695e-01,6.484027046834251601e-03,5.698774505380923942e-03
1.000000000000000000e+00,2.763370220392483904e-04,2.385033756191770171e-03,7.446705798283340116e-04,5.087667384169990560e-05,1.951958814539276471e-04
1.000000000000000000e+00,1.348762064758926181e-04,1.180845475237443502e-05,3.725352862371093865e-06,1.526808303758508183e-05,7.706672658977247291e-06
1.000000000000000000e+00,5.165198090076864555e-03,5.208897226739155756e-03,1.007658957790564212e-02,1.320512934208288233e-02,1.313838883586559069e-03
1.000000000000000000e+00,1.169672200215514657e-01,5.967057737072043455e-01,6.106837728000516496e-02,1.927231634439775451e-02,9.997339683312270967e-04
1.000000000000000000e+00,9.498485879531186615e-01,3.480119916871354802e-01,2.628424132555802761e-01,3.116076669454750231e-02,7.287473008448890344e-01
1.000000000000000000e+00,4.592894545737548719e-04,6.793615982623537090e-05,3.980899279157446707e-03,4.211024964637066873e-05,2.515740082916851153e-06
1.000000000000000000e+00,7.964361824814844226e+00,3.537414993515982653e-01,3.838098332754788511e-02,4.369004997423722725e-03,2.667383662589040486e-02
1.000000000000000000e+00,3.755906058352475263e+00,1.172730981977377906e+00,1.556200969157731928e-01,1.939022434314886245e-01,9.349873634303593195e-02
1.000000000000000000e+00,1.303396319379067532e-02,7.880767873398990264e-02,1.361952564480397622e-02,2.525215905438965049e-03,7.212608971686048590e-04
1.000000000000000000e+00,3.496886888728318270e+06,4.482807599522013220e+01,1.655267919023243337e+02,5.699103161782312554e+01,2.028012628344308723e+02
1.000000000000000000e+00,3.685684862723464985e-04,1.638262340206352811e-04,5.788087963923885075e-03,1.261506797005289152e-03,2.933581539033308649e-03
1.000000000000000000e+00,2.239784352084129085e-03,3.881588533899620053e-02,1.075052544144049433e-04,3.984265601752136799e-04,7.931967992748793815e-04
1.000000000000000000e+00,3.035510812903312039e-01,4.968822006057152877e-06,2.077205025533243252e-02,4.073070723584018582e-04,1.105403803199921098e-03
1.000000000000000000e+00,5.460172711832801369e-04,7.751959782405503123e-05,3.888474480053321448e-05,1.307610924536948807e-05,2.327482407300201752e-05
