4.673479569385436250e+14,1.296745047650389600e+16,1.551034674842689000e+15,3.813491413611110938e+13,9.495592700610099792e+10,2.864949300647683125e+14
1.484116722415457800e+16,1.236737058534317000e+16,1.047386016254895469e+14,1.319913982187411875e+14,1.143890605802610000e+14,1.069048227692227539e+13
2.992384679147267072e+18,6.974769937278373750e+14,9.283518814540752000e+15,8.322227908172544922e+12,2.627011433646058984e+13,8.372485009317376250e+14
1.201720672375623840e+17,9.834739913150307200e+16,9.821896474960488000e+16,9.732192697087723200e+16,1.181145948799058240e+17,1.205763131979041536e+18
5.934211084807015680e+17,1.261013463566335200e+17,1.103728067291010720e+17,4.753957684082539000e+15,1.200243714057023040e+17,2.845508715418596800e+17
1.284392721955161760e+17,6.582899289004288281e+13,5.210009825943964062e+13,4.579091206731157500e+14,1.306264216168661562e+14,2.069333731659682812e+13
1.385018294682965234e+13,1.050371656242955273e+13,3.047031798187232000e+17,4.251111539590174316e+12,1.186221322433591016e+13,4.304185493434528809e+12
6.806973762054445000e+15,5.801950141305768000e+16,1.092071895108848640e+17,1.350938512342375800e+16,3.008975178211703200e+16,1.775151960826383400e+16
4.101216744397075968e+18,1.129921927995826381e+19,3.730727310654025600e+17,3.138174839062576640e+17,3.676364284157649600e+16,2.111053649849938000e+16
2.653453425038238400e+16,7.236853526942597120e+17,5.173054193564491520e+17,2.908718834938572800e+16,1.866910778473246000e+16,1.075880181769446800e+16
3.639439753943177600e+16,4.745987899155266400e+16,3.802103814823049316e+12,1.119517935616324219e+12,1.788866511195284750e+15,5.662225612596350000e+14
1.905835057001248512e+18,6.011725825173389062e+13,8.131197797957003125e+13,1.011240164964311875e+15,6.922584408451116406e+13,3.634968189290729688e+13
8.541850249758214400e+16,4.225392463614541600e+16,6.573145995483313281e+13,2.793178811729899500e+15,5.238689394565986875e+14,2.183631179106599250e+15
2.072417486321034560e+17,8.276520417672676250e+14,9.542411050485071250e+14,5.511209324561515625e+14,5.686991014157183594e+13,1.457019176612470312e+14
1.257731617495954102e+12,3.727826362612092969e+13,3.555839730978791992e+12,4.159453755098323242e+12,6.708343344030478516e+12,2.913328052554597168e+12
3.268232747974277632e+18,3.699996229073480500e+15,1.362288866959595156e+14,2.851183954634780000e+14,2.696913667177389844e+13,2.320089086450146875e+14
1.489775672055665000e+15,8.439603899585004000e+15,4.029768241193892864e+18,6.900119350807063000e+15,1.221135798511132750e+15,1.259445849817983250e+15
4.476944432565361920e+17,4.659332697076779688e+13,1.861188166893078400e+16,8.467476911052765625e+13,3.535910582921048828e+12,1.353150151635836562e+14
1.938290051154480128e+18,2.181260853391534688e+14,3.892603363440504000e+16,1.168782602297270156e+14,1.226633324733929750e+15,6.750195549899709375e+13
8.760677675616761600e+17,7.902768234673504688e+13,2.056833312181212891e+12,2.170258127769302812e+14,9.818687591376763916e+11,2.308243024533997803e+11
2.911288970955915264e+18,3.504530499417712500e+14,1.881561336092340800e+16,2.765055494435985625e+14,3.834220778032243125e+14,8.418308417516184375e+13
1.722126336064195174e+19,1.005116021542937600e+18,7.302775621150228800e+16,5.156317518018100800e+16,1.386976140657320000e+16,1.164037261221049400e+16
1.816893464170957750e+15,1.211385315581729536e+18,1.686889908297334688e+14,1.286495161118906719e+14,2.456337741826614000e+16,3.269340127308993359e+13
4.818404530983454720e+17,2.352285799670354688e+14,7.731366778317756250e+13,3.264060601771515234e+13,1.401944476722599609e+12,3.111358244965077148e+12
4.045055439465360625e+14,1.508471797754458240e+17,1.824306425247243125e+14,5.517138010319514844e+13,1.540403834730767500e+14,2.386317690951085600e+16
4.805059550343921280e+17,5.407647380121374375e+14,5.729452172358453750e+14,6.032702132531056250e+14,1.231060915029843438e+14,8.627692689565135000e+14
3.552657818715410767e+11,3.304898717158233500e+15,1.914955876846611084e+12,1.680295444789780518e+12,2.484452163822284546e+11,1.902720428352264404e+11
1.702443992298914816e+18,5.985578222637595648e+18,7.704296516382022000e+15,7.432771946537305000e+15,1.257544978757155400e+16,1.450920869336866500e+15
1.261220679662426080e+17,5.952840274158891520e+17,8.416710236342910720e+17,2.762036598151857600e+16,9.135412355960426240e+17,1.293330856547746048e+18
2.090444514085619840e+17,1.394208648611511250e+14,5.309358581408836000e+15,1.973192427390857250e+15,1.563231226116358984e+13,7.713931216763242500e+14
3.669360519921544960e+17,2.035060729774921280e+17,8.966059011250710400e+16,3.864235217588010000e+14,9.622368193590340000e+14,5.387903022948901000e+15
2.572310607652260352e+18,5.485788119819306875e+14,1.882608305001725391e+13,2.572378253239012500e+14,2.034083134992527500e+14,4.656655963493253125e+13
1.542987408642171520e+17,3.158416436531376875e+14,1.064108764100815200e+16,1.087511372542235156e+13,2.583733115298304199e+12,1.351686964121635498e+12
4.505871486777187840e+17,1.114064416342556125e+15,1.598881746282764062e+14,1.367832128280735938e+14,1.633810869513285938e+13,4.685113014164066875e+14
8.231101320882465820e+12,6.001785407640649600e+16,1.783228662434417188e+13,6.280145767682328320e+17,6.945499238684476562e+12,3.100442184321492500e+14
1.412762649421393555e+12,1.227137489465433120e+17,1.657215272636659912e+12,8.139695578579727783e+11,3.892814907394998169e+11,3.572734765506482812e+13
1.776656555232557812e+13,2.889685892367639844e+13,6.711591441766185000e+14,9.077304166802974609e+12,2.140594013637168438e+14,2.375268427639205078e+12
5.639157913691134453e+09,3.562593785826537109e+12,4.439430475308352661e+10,1.849942300963691162e+12,1.551029855786270752e+11,2.149311104182308655e+11
2.660293016232962402e+12,1.285492633967831500e+15,1.702456352814608398e+12,7.898814582233527832e+11,3.532618539624515381e+11,3.108211696273223047e+13
7.200093914124464640e+17,2.164457912091318784e+18,6.356771946009107200e+17,2.170472261776428160e+17,2.228789629006447600e+16,4.460011865580020000e+14
4.543155342653313536e+18,3.827922035538716160e+18,2.343804954353725440e+17,4.563572068126396800e+16,3.430297826310636000e+15,4.957056477787037000e+15
1.289533785042507200e+17,1.178215419763737600e+18,2.304587170481901440e+17,8.236799303354309120e+17,1.265423581792232960e+17,1.134174215544155955e+19
1.553004133428114200e+16,2.269336075514492800e+16,1.424493697439092250e+15,7.100149909126825000e+14,7.356024453717510938e+13,5.515826941035167188e+13
3.313293466321787392e+18,5.988144857414428750e+14,1.213222583264027800e+16,9.773079491173365000e+14,4.292179972358685625e+14,4.616944159256558125e+14
6.103701723146869760e+17,8.383686445919302400e+16,2.668508563603232800e+16,3.120914382086589600e+16,8.290808744948675000e+14,1.446138762920910500e+15
2.655689570176368408e+11,4.386994947504284180e+12,7.603994213546823730e+11,4.385532118802909180e+12,7.841183528271838379e+11,1.203035059705082275e+12
2.553216258130802880e+17,1.296350525546685440e+17,2.545594394222529200e+16,7.556978707176290625e+13,4.094655193055820000e+15,1.173641860242617800e+16
1.728383155689073000e+16,4.675455293370984800e+16,1.995124180926589750e+15,7.070194679475641250e+14,3.216408669255656250e+13,6.343414939357832031e+13
5.038449994524618752e+18,6.241669747876256000e+17,1.079894643122528800e+16,3.595603726746714400e+16,4.018999653833256250e+14,3.174326470776173000e+15
1.101550906333842048e+18,8.037662284156311040e+17,6.194229471886505600e+16,2.459187018692390000e+16,1.201859673459095000e+15,1.404393913956890000e+15
1.818850856523861760e+18,9.193841155221685000e+14,1.500437537859660312e+14,1.383850167088371680e+13,1.055195137817747852e+13,4.015562800752890625e+14
2.644304408642940416e+18,1.553190857621554880e+17,4.714026909603937000e+15,2.663221780135660000e+15,1.058127341912098750e+15,3.440437347960838281e+13
7.291656559102813440e+17,7.132270903802493750e+14,1.740935743414769600e+17,3.484557442659695000e+15,5.460647415178851875e+14,1.089642359494781719e+14
1.974311602473402344e+12,2.211763930504683438e+14,1.277895810568286377e+12,2.612458417845577148e+12,4.069903485945972900e+11,1.955558525432847290e+11
2.801252026236434880e+17,1.202608240630858600e+16,4.802427016817275000e+15,8.274904545903236000e+15,2.431232514592777344e+12,6.362879716472303125e+13
3.373828303267478125e+13,1.602641216669451776e+18,2.965369917587253750e+14,1.146539727467874531e+14,3.020098418370832422e+13,1.018173127258115469e+14
2.982827451843354375e+14,1.308981332925299000e+16,1.318651261868740352e+18,4.275598568867828125e+14,6.222243144299688960e+17,1.445523084383934062e+14
7.933956654066075648e+18,5.703215764816692480e+17,5.482281602607368960e+17,1.993316271196287680e+17,1.224928435705854240e+17,3.281495009346036000e+15
2.397699933691288576e+18,1.561611189275597760e+17,2.757466203960846720e+17,2.912509608478552400e+16,1.946147607184383200e+16,1.125595662286293400e+16
2.295872089187481600e+17,1.629423730341277250e+15,9.523091267964691250e+14,1.999352132654549375e+14,2.435344123794594922e+13,5.744867961646665039e+12
3.034252047076257200e+16,1.390887598247447000e+16,4.890564112122424000e+16,6.900481314487947000e+15,1.654367339764483250e+15,8.243622603335707000e+15
4.383547955247784500e+15,9.083695312773517312e+18,1.422191326431597750e+15,3.491964606728861250e+14,1.979251602438270625e+14,1.582921036350698125e+14
6.253679037864054400e+16,5.663682409764635200e+16,2.150028126556562880e+17,9.762255110052551250e+14,1.761601736885320000e+16,7.749662697134921000e+15
9.978853420019371200e+16,3.462739046625572266e+13,4.015674431626995000e+14,5.293106742192914062e+13,1.320892764815957617e+13,2.129169725329826660e+12
1.093272661519621887e+11,4.276439738104559375e+13,2.630867161503341797e+12,3.941712803392078906e+13,1.008215586813787354e+12,7.306307574373489990e+11
3.979522129446368800e+16,6.772430448011462400e+16,3.081067061416851200e+17,1.351919486336053600e+17,2.526552050381968000e+17,5.389285763136522240e+18
2.240502594276521984e+19,1.467621191052536832e+18,3.512106610590906000e+16,7.553762771789808000e+16,2.950100194400147600e+16,7.926964754316621000e+15
5.843542919716984320e+17,2.796683137285093760e+17,7.501238977145076800e+16,5.467835881111824000e+15,3.506186267460967773e+12,1.381770721578831500e+15
1.222623073174479000e+15,1.878989033619370560e+17,3.000156943711719922e+13,1.974338569349094250e+15,9.817729853524265000e+14,1.170185859152482758e+11
1.521403954808741760e+17,2.810473006625020800e+16,2.181640546568650240e+17,1.873206953303389120e+17,4.398486887440060160e+17,1.142599243023690624e+18
1.657319302300032768e+18,2.656723881162354688e+14,6.198711181982435938e+13,2.421476357437935000e+14,7.429418082127954688e+13,2.598752527420857422e+13
1.116278255112823808e+19,1.491419955521546035e+19,5.907501233084918400e+16,1.022911517595746080e+17,1.214936113177433120e+17,1.720756414550398750e+15
4.074189656334438000e+15,1.195780197579255800e+16,4.776133565436430664e+11,1.318013485044369812e+11,7.892918371830441284e+10,8.591422755004129688e+13
3.925089247115208960e+17,6.416987175242735360e+17,1.757612404246941800e+16,1.130411198180377920e+17,4.897503619200683000e+15,6.193968471344913000e+15
9.657805161118473816e+10,8.461564598554476000e+15,1.150092742995462341e+11,1.030889110416522217e+11,3.288475830498918533e+10,5.650020593220945740e+10
2.974936507848989200e+16,6.530534825512697600e+16,8.537844629655319040e+17,4.509275803439203200e+16,1.347565802275661600e+16,2.325374117911546400e+16
2.011245355946909375e+14,9.272950719819081728e+18,1.341036368989980469e+14,1.159177945031251719e+14,5.328876945398993125e+14,1.134185682662223047e+13
3.521356310364476875e+14,3.779750163224602240e+17,3.609257753182794375e+14,2.852457295961253125e+14,3.805297819174202500e+14,1.985854532571617280e+17
3.284270314338452480e+17,9.008002863544040000e+16,2.161805332126585600e+16,9.355483096723162000e+15,4.863927208180860352e+12,3.667278771808679375e+14
1.028960269956648141e+19,1.567165269711736422e+19,6.243924326937163520e+17,2.184257927393496320e+17,6.342478970433844000e+16,1.070883158641934880e+17
1.659843364220897250e+15,6.690149716385555200e+16,1.006185788146258720e+17,1.862618778105197500e+15,1.152286061552721000e+15,1.199977582649191406e+14
2.132056995242323200e+17,2.201968989588331000e+15,1.632514620589290625e+13,1.162526791620046094e+14,3.472908734582358203e+13,6.794197334415581055e+12
3.491549196324983203e+13,3.364543426891498500e+15,1.130643096074186719e+13,3.117195521230132324e+12,5.871155921536742188e+12,5.870660231611049805e+12
4.156229400657167360e+17,1.265819266282817792e+18,4.034627436578007552e+18,8.634251981372876800e+16,7.596439872824076000e+15,1.975080217470930750e+15
5.695588052613766400e+16,3.610061855931519200e+16,6.702503515298844000e+16,2.023671467132311750e+15,5.804922593632843750e+13,3.847757706957432500e+14
4.282833170128749847e+10,1.280826403665823047e+13,1.143893195481414185e+11,2.365932570369506531e+11,2.194403149076546478e+10,1.202826468216806335e+11
9.495083085829324800e+16,8.385840529188720640e+17,3.146790330407402240e+17,4.250795268947959040e+17,2.826087577476561920e+17,1.298649701833221400e+16
1.124745546393046719e+14,1.781213443636527360e+17,1.317264639397611406e+14,5.618594011771424375e+14,6.730222631262469727e+12,2.039771335910952000e+16
1.765891458045017344e+18,5.556614894265298750e+14,1.304208388860851600e+16,3.192564857289442500e+14,2.213334576711344141e+13,6.014983220593864062e+13
2.652567479503614400e+16,9.092302409918618000e+15,5.518123121319021600e+16,8.070702546897160000e+15,3.367931864090883000e+15,2.643911955182916875e+14
1.967445963919027200e+16,2.610772138902794000e+16,1.457844832799292000e+16,2.082534445918511750e+15,4.723361236538958125e+14,1.122490369204983875e+15
4.224981625820838500e+15,3.391246813005335200e+16,1.419321847107161000e+15,8.892425680524976250e+14,1.875410971805941562e+14,1.733358354273041797e+13
3.668558339422126080e+18,3.553269646652855680e+17,9.773517348437358400e+16,5.441118119812105600e+16,8.964329108574165000e+15,3.936001144046303711e+12
1.653523095291628000e+16,4.761844190469140000e+15,5.320273513319198400e+16,7.427430371832873750e+14,1.604691476458955750e+15,1.306715141250886963e+12
1.545355053964109600e+16,3.700712769977425600e+16,2.963548110173724500e+15,1.159225320787451500e+15,1.994484659064931641e+13,1.149595244237269440e+11
2.452147065801877120e+17,4.917730464090957500e+14,1.325010682238410000e+14,6.421480786043246250e+14,2.487557940436153125e+13,1.182569317112019375e+14
3.591612489737848800e+16,2.455688038389197440e+17,2.502681138189380480e+17,6.451323835450498400e+16,2.205661929504415200e+16,1.806548390012653600e+16
3.593153900527807360e+17,2.935400820019349760e+17,5.617189762690372000e+16,6.194783195367951200e+16,2.567627782667559360e+17,1.788425069030850000e+16
7.670695604086831360e+17,1.558292669173669688e+14,7.023014944306764000e+15,1.065555557543306719e+14,3.473622704558697656e+13,9.813805978212751953e+12
3.266264864249022000e+15,1.749638525308502400e+17,1.126486121902329280e+17,8.369782424399062400e+16,5.154945444729491000e+15,2.706859678502546800e+16
3.606892815597300480e+17,1.084320443783527500e+15,7.279502037696237500e+13,3.079634247824908750e+14,8.172252943062446875e+13,1.509094750728672852e+12
1.197308535531076800e+17,9.214788136382960000e+16,2.018248117817396800e+16,1.039851471722635200e+16,4.253321558246051250e+14,3.455547701933497500e+14
2.385117289573603840e+18,9.359243735844220800e+16,2.566997674189460400e+16,8.231389234654664000e+16,2.388884198916573000e+15,4.147225189881767500e+15
6.309598276859460449e+11,1.860076863822746250e+15,7.458027774541550293e+11,8.776062648726673584e+11,2.082644524256868896e+12,1.627912978875214062e+13
1.754806267850177920e+17,5.020785710124376562e+13,5.494828818169949951e+11,3.135849864495535889e+11,1.398446548357372188e+14,3.378049621134861816e+12
2.315077521931043750e+13,4.850797751324991360e+17,1.948457216845359766e+13,1.180688328988249219e+13,1.655450357987353271e+12,5.092369292965502930e+12
5.641784315732427200e+16,1.208546013927247750e+15,1.130254000021499805e+13,1.616972377765850000e+14,2.590462164417547656e+13,7.448325662392636719e+12
5.368373101439279360e+17,2.497859770537665000e+14,7.882682732908425600e+16,2.469793449194200000e+13,1.845699718397459375e+13,9.137532268129021484e+12
4.116915222695513600e+16,8.205493438650837760e+17,1.170121370498539844e+14,8.638211694265413750e+14,8.355555074170215000e+14,6.523416774375636719e+13
2.623023141711616516e+11,1.499643686864416768e+18,9.215136718747265625e+11,7.001853585827356160e+17,5.529616299423618164e+11,9.695145815661368000e+15
6.005751857131708416e+18,5.548674808396141875e+14,6.076480657641945000e+15,6.235616225468128906e+13,2.122519400988676562e+13,1.384479985795506562e+14
6.032460727436833600e+16,1.351380850969190625e+14,3.150809073085168125e+14,8.101719151335509766e+12,9.715238713509406250e+12,1.425000414043298950e+11
6.264760410528192000e+15,5.052959319274550781e+12,2.349165596043568420e+11,6.427049265599857500e+14,6.717153313371801250e+14,1.495023251638448334e+10
5.550701883133911680e+17,3.242671048438544000e+15,1.242059360972337750e+15,8.023834491700523750e+14,1.601422580862558125e+14,2.048332740815019375e+14
6.271693774035395584e+18,3.002589000338728550e+19,7.034770256236212480e+17,4.587912744404711680e+17,6.676866101269787200e+16,5.221519786576273000e+15
3.945766492664652800e+16,2.906966301982451600e+16,1.590871611573456800e+16,1.189101579196752480e+17,6.131011150693793600e+16,5.523725781019123200e+16
6.995540845133012000e+16,3.988487830840737600e+16,1.763975165183134400e+17,1.713998480989545280e+17,4.706830679946042400e+16,2.657719830986228800e+16
1.132548877556043392e+18,2.585712131007299200e+17,3.092856824952863600e+16,4.503016510583902208e+18,1.748983495586776832e+18,1.928406103987163136e+18
1.640355811778633280e+17,4.493975642776865600e+16,1.543085134763717888e+18,2.574538643065667840e+17,4.112833618074983040e+17,5.152871593049579000e+15
6.581845865658636000e+16,8.860011541626160000e+16,6.739583374772961000e+15,2.608545948131805000e+15,5.317305132803301000e+15,3.758574179074807500e+14
3.347896882137966592e+18,3.069104090084792960e+17,1.092499072127212160e+17,3.101713098933059840e+17,1.371856242357789000e+16,1.035906478568084375e+15
1.532250232460853200e+16,1.820358029770071040e+17,3.630751336778773600e+16,2.099068510033152640e+17,2.536426556828726800e+16,2.538902349820060500e+15
1.748518292751855859e+13,2.327159637686773760e+18,3.107574627060489453e+13,4.976081648147523125e+14,2.844818006564123535e+12,1.798564120389092400e+16
7.343242758274204160e+17,7.175803860379282812e+13,5.172740484301970000e+14,2.168973451205931885e+12,1.426170325940943125e+14,1.799614396658617812e+14
8.988349603099395000e+14,1.067029242281842812e+14,2.504589447468673047e+13,2.910618310746770996e+12,1.626779146762695068e+12,9.379095862884457031e+12
2.351015326796168125e+14,4.608138616429194531e+13,1.076223325167491094e+14,3.143295167223052400e+16,5.632066597385974609e+12,1.056798265774798950e+12
4.159670445191465600e+17,1.047771315967383552e+18,4.907185199383116160e+17,1.204319218842356480e+17,2.133049537808084500e+15,4.750361543267421000e+15
2.410590698324088438e+14,2.954668856642253824e+18,1.341228787273984844e+14,3.680005997408544375e+14,1.543279943097813867e+13,1.213703720679458789e+13
1.193188729890734863e+12,8.664172765194648750e+14,5.540570035451020508e+12,3.698010543483161719e+13,3.753566745565835938e+12,3.887933601694474121e+12
5.742777362695601920e+17,1.885650179434055938e+14,2.356321356758467520e+17,2.045430885460275625e+14,5.465922492324378125e+14,7.371470932325362500e+13
7.643064834817729536e+18,4.085541503775825600e+16,2.943462401900057600e+16,2.031625829463150400e+16,7.588293118731037000e+15,1.875338996049764750e+15
3.515000534354449408e+18,1.543817418529110000e+15,1.565747300185581600e+16,1.908481461100145625e+14,1.474536363338280859e+13,1.483297465883850000e+14
3.497075361526871552e+18,1.180406417924633250e+15,3.900934542673074219e+13,4.519025292201293750e+13,1.139797853365943281e+14,8.699562378158931641e+12
5.082094232402650880e+17,2.799482979630731520e+17,3.233904607536932480e+17,9.448480886211022080e+17,6.619741599905171200e+16,7.873148169106420000e+15
2.117653208079179008e+18,4.529200140736388125e+14,9.550917894571543750e+13,3.687727270726066250e+14,4.681031285357397656e+13,1.455650804163224023e+13
5.320924000716769280e+17,3.664727345322106250e+13,1.224262162797231400e+16,9.572974780303982812e+13,2.244026028729193848e+12,5.464508060717095000e+14
1.621413784778160000e+15,2.390662217631200000e+16,1.365981792237728480e+17,3.224948785230974400e+16,1.442630899297464750e+15,3.867198440938796875e+14
3.741034471606548828e+12,1.225213503738923800e+16,2.154034544868632812e+14,2.412162702408081562e+14,1.077619883816863040e+17,7.934289464674711914e+12
1.795442084925512448e+18,8.370662447416280000e+14,2.298674610124302500e+14,1.879442586530530000e+14,4.856002630253675000e+13,3.585864823329198750e+14
8.979639543850421248e+18,1.943873021442181530e+19,1.205296506508525000e+16,3.542631790843949440e+17,9.494883509919352000e+16,1.312059225969697000e+16
8.772524600718132812e+13,1.554803782356078080e+18,1.008198791767549805e+13,5.615044326838717969e+13,3.027238602940967040e+17,1.472649102976159961e+13
1.037512433228921120e+17,2.026076759106810800e+16,7.586565895131131000e+15,1.173437344598895200e+16,3.454654554504362000e+15,2.378752788045907000e+15
2.463434498918875136e+18,8.818316618760780800e+16,6.331898926655182400e+16,1.330185572030528600e+16,7.972229744459544000e+15,1.506776519760105400e+16
1.013587386382499200e+18,2.690922517253225312e+14,7.460731173888712500e+13,1.735789850764528125e+14,1.504432250622053955e+12,2.060204605469660938e+13
5.343093196872146944e+18,6.628674463723893750e+14,7.837692546227324000e+15,1.116593740126782188e+14,5.096328505035171875e+14,2.917338397689810938e+13
1.125459180084391200e+16,1.521581937419511750e+15,5.405999630740838750e+14,3.410255198003011250e+14,1.527343265060965625e+14,1.608603658757659375e+14
1.344997307375938560e+18,3.460018014902069760e+17,3.682612601105232800e+16,6.053398898231827500e+14,9.717727830948968000e+15,9.559827093078421250e+14
2.733280530336562400e+16,3.129011876060577920e+17,9.186453623568467200e+17,1.486731119774045440e+17,7.980034030521600000e+17,4.639391652438307840e+17
1.641487697658955000e+16,1.739400439775726080e+17,6.719443992579287040e+17,1.238465438124185000e+15,5.714428144145622000e+15,1.116798900292869200e+16
7.013012654208627344e+13,4.096474456669137500e+15,1.895763314508524219e+13,5.752771251696488281e+12,2.299442002359418457e+12,1.568025234968023633e+13
2.047523696501229440e+17,3.566296433256856250e+13,4.746246315899240000e+15,5.352120989573913125e+14,3.958784291194761719e+13,5.792436371237281250e+13
6.320114538342289920e+17,7.316284822385296384e+18,1.438057058375429120e+18,6.604750857345654400e+16,4.119663388701824800e+16,2.274108634514776000e+16
1.758035801292497664e+18,2.171555868295873024e+18,1.298404441619847424e+18,8.267821898718717440e+17,2.138537361839207360e+17,5.033653801545848000e+16
2.510843590155314000e+16,8.527424882876637440e+17,2.682505537368735360e+17,1.345565551588427680e+17,2.112445621993027000e+15,1.333281536142939800e+16
2.216098230625848633e+12,2.182601894191239360e+17,1.960720249434828125e+12,1.933346772194121875e+14,3.352042536820318604e+11,1.439800066672767500e+14
4.359342079322854400e+16,2.030902766090500800e+16,1.761562341788087360e+17,4.062193415586852051e+12,2.196076522863949500e+15,6.649884862034022000e+15
6.144820232072356250e+14,2.510187169068072448e+18,4.432020390879440000e+14,1.300953642078140430e+13,6.010838355698929600e+16,9.648644009930132812e+13
6.643110876893229000e+15,1.330802789426684672e+18,5.673710577359996160e+17,5.686216880062612800e+16,2.734261994225724500e+15,8.008235302785147000e+15
4.836994623959833594e+13,1.796398462394736640e+18,2.585015170422063438e+14,5.358697436172697600e+18,7.428594697908776000e+16,9.703508607880053125e+13
1.022697973253119000e+16,1.400032269677683600e+16,2.347766917124137000e+15,4.430143734299499375e+14,3.866891746150706250e+14,1.272316050349340430e+13
1.656158267604152064e+18,2.867537163426616250e+14,3.402412657082070000e+15,4.564644706842175781e+12,1.528875858217842500e+14,2.312464686177775781e+13
8.674641601769051200e+16,1.839358054301273920e+17,3.125139005474549000e+15,1.000477349571557000e+16,5.679872228305411000e+15,6.998147006613662500e+14
7.002484721609619141e+10,2.004325757486019688e+14,9.556517813651013184e+10,1.855234715755760498e+11,3.595718377355967407e+11,6.616164991671710205e+10
2.186377239569141846e+12,7.713605727554328750e+14,1.630988454794906982e+12,4.810478953056099243e+11,3.650701511722064209e+11,4.164720215741929932e+11
8.018731454155927040e+17,1.441089748350317578e+13,1.733971954721616875e+14,8.650053762947751562e+13,1.274562676704993125e+14,1.276312564284731934e+12
1.214409584252617383e+13,1.684769421940110547e+13,1.062886896544864844e+13,6.512272234211024414e+12,7.457646460833021250e+14,7.786053317209728516e+12
2.437437685672442266e+19,1.526596656198562250e+15,1.516130932448705800e+16,1.509774915305270250e+15,9.565187635866328125e+13,1.080023642860244688e+14
4.614959117293145000e+15,8.172985483677036800e+16,4.130240919343532800e+16,7.152810958881606250e+14,2.024857435642595500e+15,2.842010133952291797e+13
4.648385691923979264e+18,5.779177791601520000e+14,2.815927153857085000e+15,2.116454326423777250e+15,4.913965129201608594e+13,4.520036160331992500e+14
1.813078098939985200e+16,1.306790452697028960e+17,4.281541186418374000e+15,1.545661125726074000e+15,3.662157456706935625e+14,8.176913869776095000e+14
2.370562138720677490e+11,8.055443262448616960e+17,6.675106329390871582e+11,3.114807664399959473e+12,8.307405926065512085e+10,1.284890494074783281e+14
1.083764079229120640e+17,1.989399316978085625e+14,1.881194284285172188e+14,2.848440206898057031e+13,2.007275244016202734e+13,2.897957787130387109e+13
1.418304907212952064e+18,2.307843817756420312e+14,1.877197092937000000e+16,7.565579582653859375e+13,2.108369473823097500e+14,1.728242625768298438e+13
3.122314192807175168e+18,6.447521733827449600e+17,2.745354393601313600e+17,1.329559513860854200e+16,4.110066155896227200e+16,9.699166913222484375e+12
2.206616846324857200e+16,1.211770985905492400e+16,9.263128589343752000e+16,2.615141817627522880e+17,3.444043219367011200e+16,6.467154731289245000e+15
4.836681983829222400e+18,4.836681983829222400e+18,4.647671395061228125e+14,6.983686799989179000e+15,6.983686799989179000e+15,8.447877419467128125e+13
3.581084920566503424e+18,1.231295707855462250e+15,6.868317503821937500e+14,4.042661410382700781e+13,8.038453738402154688e+13,9.288712800856656250e+13
3.284543805665292160e+17,4.501852053910493125e+14,1.940992856606209000e+15,2.880243566184333125e+14,1.000608153186500977e+13,5.638613024573012500e+13
8.773070434101133000e+15,1.392923059650983840e+17,1.053201807357585200e+16,2.709203868589268750e+14,2.367607764402119375e+14,1.096298277197071875e+14
3.230793686110759936e+18,1.138315111147597280e+17,2.430356282638950000e+16,2.826918630045903600e+16,3.786615646457540500e+15,2.556623360598867500e+15
1.368468653152172200e+16,9.227383752116176000e+16,1.083950282519289440e+17,3.232381843707379500e+15,6.647251802821681000e+15,4.913113447328606000e+15
2.129350185250666000e+16,1.998637119471478800e+16,7.312200281044388750e+14,3.385567421596709000e+15,6.217375095218960000e+14,1.040630461986122400e+16
2.094132324566425856e+18,1.065487718677120000e+18,7.958378672536321600e+16,9.919188407114539200e+16,5.566973531301256800e+16,4.852848270669111000e+15
2.643433226403508800e+17,1.570677255330787188e+14,2.087951040226669440e+17,4.336408134339667188e+13,3.099804642440570625e+14,4.626790561468672656e+13
2.894633207227774400e+16,3.508002642607267600e+16,1.303348892086244400e+16,2.833027648801632500e+14,3.562032815655554500e+15,1.535017705392972188e+14
6.849750651230549219e+13,2.365717675418274240e+17,4.772431148535024219e+13,2.358205734026227812e+14,1.259066467855583594e+13,5.300071425959938750e+14
1.330619755229579834e+12,1.286333267851526172e+13,2.836179376015152344e+13,8.134496784576538086e+12,1.341628220325048400e+16,2.289285464179214844e+12
1.471720053147231232e+18,1.624239232351691264e+18,5.062873373260979840e+17,1.624518210328798080e+17,1.427649160700946432e+18,5.489502118088638464e+18
2.900737856571537200e+16,5.120335163452914400e+16,1.722671372455065600e+16,6.457921737875598000e+15,6.834191904699002686e+11,9.956001991837037500e+14
1.149634590896819520e+17,7.169584515997896800e+16,1.407625840493798560e+17,1.660268009970515800e+16,2.396940860541807000e+15,7.191146350596596250e+14
1.762653300791714560e+17,4.029447347929989760e+17,2.328187250936684800e+17,9.167153253611891200e+17,1.295698536693678750e+14,7.624091945085584375e+13
2.688366348233511424e+18,1.957065068464448960e+17,2.649440156798714400e+16,2.579342701157933500e+15,5.470720429191555000e+14,4.335311275717140625e+14
1.427680033947372266e+13,1.836883018556994000e+15,2.094521089294367969e+13,1.493217885991879688e+14,6.898015941299143555e+12,1.279851960490261719e+13
1.391820612094656768e+18,1.490745516363561250e+14,4.368885113640492800e+16,3.330496555153594531e+13,3.729150312902209375e+14,5.492653292714235352e+12
4.379121534117989888e+18,4.478004179714761875e+14,1.446440701940254750e+15,2.023582859040546250e+14,4.718421536708351562e+13,2.815430306952174375e+14
3.757380870394248047e+12,2.594405770294775312e+14,7.031311678440133789e+12,1.087279657796352930e+13,7.297982970640781250e+13,4.752764254662348633e+12
1.871069970407139688e+14,1.290972187763927000e+16,5.963034726528866304e+18,7.634099476103934375e+13,8.382551645162607360e+17,3.801520543557435156e+13
1.851241466864014080e+18,1.421188678452673400e+16,6.564208359190032000e+16,1.124233754237194000e+16,1.670265320819590000e+15,9.831863929352201562e+13
8.967092896487126562e+13,1.015438044006257750e+15,1.224354861034723438e+14,1.878317903365073047e+13,1.472677613883060742e+13,1.519190205688136000e+17
3.683544457822502400e+18,2.084094435029027250e+15,1.852840264004300400e+16,4.623718890171078125e+13,4.887078697167509375e+13,6.950350472824121875e+13
1.239330433696015381e+12,1.438886523991969141e+13,4.080052571823224487e+11,1.548247809339427490e+11,3.665839748042416500e+15,4.111662333616018677e+11
1.580023674260595200e+16,2.889609467945505200e+16,6.736307099668261120e+17,2.938778308903287680e+17,1.102923427639494880e+17,1.028001727296927040e+17
2.903434512133008400e+16,9.992044979039652000e+15,1.781465147360638400e+17,8.939780167737363200e+16,1.915595227014546400e+16,6.781417592443508800e+16
3.579104335299882800e+16,4.211880905279638400e+16,1.796115556393463600e+16,7.935075872006234880e+17,8.199362483734731520e+17,4.368493405160390400e+17
3.450246716830610560e+17,2.685203901955690800e+16,1.338644835782983040e+17,2.770982497176722944e+18,5.929556185207877632e+18,8.667704010247626000e+15
9.877270453133667840e+17,2.110185980828610560e+17,2.579360625657445600e+16,2.663083018486884800e+17,1.776041442511416832e+18,1.550053514706216192e+18
1.079591807239495936e+18,6.179204459257928960e+17,2.644263381932669760e+17,1.892850385870748480e+17,5.567179165669178000e+15,4.103774458503565600e+16
1.562858097343905800e+16,2.534898895986646800e+16,3.359848376836567600e+16,5.055179711727999360e+17,4.327862237617881600e+16,2.197132296913072000e+17
7.427400788533344000e+17,1.605995520633890312e+14,2.926980583177473600e+16,1.313142831922685156e+14,2.046525738607902344e+13,5.862216559714213867e+12
3.320523230110657280e+17,3.751371007232567040e+17,3.606027079443172000e+16,5.201920908011251000e+15,2.217895999107080000e+15,1.461543541960653750e+15
1.024580020836660500e+15,1.997251488357330800e+16,3.674798194704956000e+16,2.585727016506843750e+12,4.299199982359296000e+15,5.700438265729801600e+16
2.841563729288581200e+16,4.834850991346818400e+16,1.180111609834583750e+15,8.499340136808380000e+14,1.792584426172468750e+13,1.636423707833902930e+13
7.942785183879692800e+17,2.535874777126342800e+16,9.359501122483724000e+15,1.445285432145480320e+17,1.829024368936341000e+15,1.284085396779295508e+13
3.547997338251473920e+18,1.468145998143551500e+15,1.336891712402150400e+16,1.929054100335826250e+14,1.146446953767634531e+14,2.115781074441226250e+14
7.026083608487946400e+16,9.399306676784004000e+15,2.438384462782452812e+14,2.021132245830831250e+13,6.963611151976812500e+12,2.347969019706141406e+13
1.357059801163917440e+17,1.265546605567610400e+17,6.025872954154316000e+16,1.109052953440334000e+16,2.877203709768261000e+15,2.713982464471209375e+14
3.857435519696155520e+17,3.031416887268295600e+16,7.759319495680340480e+17,5.477234394092046000e+15,4.073045046221724000e+15,7.944475612400910400e+16
8.210336464883307812e+13,6.050168047183848000e+15,4.744762501205842969e+13,5.126078851130203125e+12,1.552120464554418701e+12,4.848809983083078125e+12
1.622480391975396750e+15,4.643887601654708000e+16,5.230818933197448800e+16,2.538210571854972500e+15,1.530206750361217750e+15,6.995775054532488000e+15
3.237566944471438080e+17,5.275856803973698242e+12,1.054445552534211094e+14,1.649730040444312500e+14,2.724951183608161250e+14,4.569422423666629688e+13
1.128453836748553085e+10,1.942149479349058350e+12,1.902703113611015930e+11,1.197999155129809082e+12,7.438206061213665771e+10,2.369492967500814056e+10
1.266106679533805400e+16,1.161043091294531040e+17,3.681209880712537000e+15,5.593538938354669375e+14,2.170850634092818848e+12,1.217614474007794037e+11
4.550702145454011719e+12,2.347389133073383203e+13,8.575917673722504883e+11,3.177095608759380493e+11,1.082944308221117875e+15,5.465781466444997559e+11
6.668327167163586560e+17,5.167971633473019904e+18,4.421976361206105600e+17,1.449675936812267520e+17,1.530226789934476800e+17,3.087646211552829600e+16
1.652674337811592800e+16,8.857154998197088750e+14,1.034245624770632656e+14,1.323611153129485760e+17,1.218229674293074375e+14,2.441676040453895703e+13
4.558958051775164800e+17,2.669872744599697266e+13,1.464675380139370500e+15,3.112108663814855078e+13,3.168617103664365625e+13,4.630414993482251953e+12
3.803717701064540800e+17,2.525312968669680800e+16,1.163225968536793856e+18,1.299323526178725760e+17,5.611028694186963200e+17,6.131852781094032640e+17
1.513479186410937856e+18,4.761808402689863281e+13,9.743756242545960000e+16,4.034993297769532812e+13,5.533321504087145000e+14,1.254760583273784375e+13
6.175798946962681600e+17,3.225500996358992000e+17,7.516302500629275000e+15,1.730401181919151200e+16,3.042772941302520500e+15,1.202773232877656250e+13
3.761175312457588379e+12,2.895435854164374000e+16,1.185295887414288330e+12,2.402776538154913940e+11,3.331396755796429443e+11,1.848684757373932031e+13
1.693033751150925600e+16,5.561046434530550000e+15,1.699565928663148480e+17,6.032465984029895000e+15,1.471914840273572500e+15,4.798353692598925000e+15
2.300147422167437600e+16,2.571009084000515200e+16,4.873989040359640000e+16,1.432748192628107600e+16,7.336821126187180176e+11,7.559095350411082500e+14
2.165559668457256800e+16,3.530680460089109760e+17,3.052354772751475712e+18,7.262679919353076480e+17,3.198134233743029760e+17,9.719457366301525760e+17
5.269463845214204928e+18,1.805544816585216640e+17,9.101835851716842000e+15,1.772405086454432600e+16,8.430190861597495000e+15,1.221661189715377250e+15
7.307201695503750400e+16,1.828867446449277760e+17,2.416407093420390400e+18,5.907932252935315200e+17,3.045528241037557120e+17,2.396116315370032640e+17
7.523284335759959040e+17,2.984847478815849375e+14,1.814324012729448438e+13,3.335340337657384375e+14,8.067570487807666992e+12,1.339647317487929199e+12
1.536227937227710208e+18,5.513161002884970880e+17,1.011182977642766080e+17,3.199042624950743680e+17,5.748521622442617600e+16,9.496650689456308750e+14
9.937306867766018048e+18,3.356739817293156875e+14,1.211534908779204320e+17,4.356139132417281250e+14,3.201717428168798125e+14,6.410440481095318750e+13
2.021113439403491600e+16,1.059909152026068400e+16,2.265032771963055420e+11,6.283874831242915000e+15,5.795889301520952344e+13,1.181024788185786094e+14
2.863652391617029632e+18,1.298012306754430208e+18,2.136714371087925248e+18,6.259231128897642240e+17,4.717303888957329600e+16,5.640578690303663200e+16
1.072937320592581500e+15,3.184265713760256640e+17,8.193624613200956250e+14,1.533333189832316875e+14,2.092405235509923438e+14,4.156622981790176800e+16
2.024137921132985200e+16,9.118643359889169600e+16,2.983842964156695200e+16,9.199327809787872000e+15,2.026764173514619200e+16,5.161679360331505585e+10
2.542687611688310272e+18,3.447250995953737728e+18,5.147552444883297000e+15,3.983948258304051500e+15,1.600058573721125200e+16,9.712618184588035938e+13
9.939663663562997760e+18,6.169702782273632256e+18,4.558154985709991040e+17,6.639781052533486080e+17,1.544540408966109750e+15,6.597861646334906000e+15
3.080867172792212524e+11,1.598803580977452160e+17,4.327944954442185669e+11,7.543582237058773804e+10,2.634641825039546967e+10,1.701398940538904541e+12
3.311516445868774400e+17,6.736177595345672960e+17,8.725757234169521920e+17,2.819344150122223680e+17,2.882245465683754560e+17,1.146821167739590400e+18
5.074632881084244992e+18,2.336362465282931507e+19,1.082912516078019072e+18,7.725841449707185600e+16,1.175673394660656960e+17,2.379395593297866800e+16
1.056993521223422976e+18,4.099315928267374219e+13,3.146832688322914400e+16,2.625018652156761562e+14,2.499195294630073438e+13,1.047222390679450439e+12
1.150518529388410675e+19,6.635600319170082816e+18,1.664294412595105920e+17,5.529701971011350400e+16,1.702344370814062000e+16,2.031666614314994800e+16
6.735853346665931200e+16,9.585342541887409600e+16,1.563433409117285000e+16,3.675853786702437600e+16,2.380993116505658800e+16,4.266123651150018400e+16
5.883581575040260000e+16,1.294709065482674023e+13,2.963853797786377000e+15,5.070829595051148125e+14,2.078580363397828516e+13,1.725886864118956875e+14
4.699221397349432000e+16,5.427608251123522400e+16,3.899789959993554375e+14,1.092670268812476250e+14,2.396708936227162500e+15,8.543783562364200000e+14
1.094785863975852051e+12,1.898294807337586432e+18,4.614515193277437500e+12,1.073739618282041600e+16,2.928028814915647949e+12,1.443939308542093440e+17
7.232162358509073600e+16,2.024828483609913200e+16,4.150693461961022720e+17,7.007412913425966000e+15,1.762572032146841280e+17,1.086123960529613000e+16
7.256911541732864000e+15,1.828884669542633600e+16,7.397583974121848750e+14,1.028205651476311125e+15,7.065018869029977417e+10,2.433005601026283203e+12
1.277453229155196000e+17,9.639035544892822400e+16,6.245145324229244800e+16,1.743011218042132200e+16,3.409336205837669434e+12,4.702385511286139000e+15
3.802605442746888800e+16,1.897708772077551040e+17,4.559600723348616960e+17,1.072817305350276000e+16,8.211894117417199000e+15,6.783521315690244000e+15
2.029402146228038656e+18,8.484356256116760000e+14,5.888894193271575000e+13,1.100564351204850875e+15,5.784798036575335938e+12,7.981110682618745000e+14
4.696126139665771520e+18,3.340798170847526875e+14,1.434024598218169250e+15,7.237364940394887500e+13,1.805338604170758203e+13,6.226245454035596094e+13
3.444514337183452000e+16,8.123896189371344000e+16,1.068747456558525200e+16,1.361815175281179500e+15,5.005473573950949375e+14,6.426650704676327500e+14
2.227635308856912598e+12,7.907638006055212500e+13,1.125755058776808838e+12,7.594484536825196533e+11,3.906212442033540039e+11,1.718932755874686584e+11
7.350195304846524160e+17,2.666239757715647500e+14,1.094305968995392188e+14,3.663586412141180469e+13,6.709094014266083594e+13,5.336712128694958125e+14
6.258123781924089600e+17,4.584125899345735000e+14,8.803183919238089600e+16,2.591764339711341406e+13,3.943218396197938281e+13,8.044515280433489062e+13
8.276444667043899000e+15,1.466507523990887040e+17,1.056744324437023800e+16,1.635048831356704640e+17,1.594140159222259520e+17,7.047270124526882400e+16
1.969738712615095040e+18,5.052471343986846250e+14,4.611694658960008750e+14,3.500843778675736719e+13,5.047552779181259375e+13,1.248959065241024844e+14
8.071685698404568000e+16,1.385892291922558240e+17,1.866321518124135360e+17,1.389149891077266800e+16,5.233702838200043750e+14,4.599871667351576875e+14
1.969336282655041920e+17,5.442005237427378125e+13,4.696933511425491875e+14,1.466506791481705938e+14,1.001932797372663086e+13,3.844063315720521094e+13
5.530334251707034624e+18,7.459105044139391250e+14,6.530470177678904688e+13,2.060244653446570312e+13,8.443760258066395312e+13,4.262047577263600000e+13
2.229648632625427200e+16,1.151657685877935000e+14,1.161401057908533750e+14,2.246725417390494375e+14,2.944279858121700625e+14,2.929399070278889062e+13
2.483716366468745728e+18,2.905133987078781440e+17,1.482047896122979072e+18,1.516765281240369280e+17,4.786696752434380800e+16,2.483055619259015500e+15
2.971964235303111680e+17,2.822916032349830720e+17,1.034279192750770400e+17,7.811582517163451200e+16,9.260868416081954000e+15,2.165810914684687360e+17
1.960311186190524480e+17,9.003502555002764062e+13,1.331760140541965234e+13,7.803801388030138750e+14,8.254919343505599609e+12,4.931633426089780884e+11
3.990217198599161000e+15,3.177953352924278800e+16,1.411505414571001250e+15,1.531484597727292188e+14,1.743327888148582227e+13,1.064344016572521094e+14
2.420199116173960320e+17,9.090040522857084160e+17,2.838242486091470720e+17,3.766316210144603200e+16,4.692820381770368800e+16,2.262855590607977200e+16
5.308426608973431680e+17,6.918983703829875000e+15,4.183447787829416800e+16,7.229825233447346000e+15,1.340492330583514000e+15,3.828760538541871875e+14
4.588358385515940666e+09,1.604497027909732800e+16,2.056872783992141418e+11,7.594962436525819092e+11,2.614952778228428345e+11,9.305248749195831299e+11
1.317005386856245760e+17,4.854066818461325781e+13,2.157600327135486328e+13,7.622943028085556250e+14,1.661411247211734375e+14,3.863542689688903750e+14
2.724963639508342720e+17,6.103330919769003750e+14,1.057718761840896000e+16,2.929479093353472266e+13,1.085697889491840000e+14,2.161432436998443750e+14
5.232798537490418560e+17,1.588421654229680320e+17,2.600084452634607910e+12,1.086959541967810200e+16,2.131355852546549375e+14,5.784355404720893750e+14
4.373879838828640256e+18,2.388213934080779500e+15,3.390614060367388125e+14,1.700772013210490312e+14,5.719333059864239062e+13,1.018012837651870156e+14
